   3.1705770450221937E-002  -1.7456781922003631E-003  -5.9004850675732409E-003  0.20371193327352344      -0.97984215472548508        1.2665681324810059      -0.57278955489664540        2.1159240186860364        3.9928031149917591      -0.29851893456860740        9.4566903486697509        2.1082173823532195        18.091033789635961       -5.4665491494056626       -27.175095692322522     
   6.3411540900443875E-002  -1.6634561197786937E-003  -5.9324560911605088E-003  0.39224833855660174      -0.91918407202128483        1.3127535654657381      -0.43240632079640462        2.0480932482284406        4.0268916421639824      -0.36137837280389246        9.4544358678229603        2.0661577261866384        18.095831190968084       -5.4339941884176817       -27.181623261683569     
   9.5117311350665826E-002  -1.5803477725450815E-003  -5.9627633985241540E-003  0.56495959118887829      -0.82184470529930875        1.3391960275325536      -0.28562366569537284        1.9793846140670759        4.0592535485584493      -0.42422056384468021        9.4517384216144524        2.0240844769423378        18.100509606893706       -5.4014290993341207       -27.188100168880506     
  0.12682308180088775       -1.4963598353267219E-003  -5.9913799349236505E-003  0.71482252048668637      -0.69160970170570601        1.3449548802367541      -0.13453739768865972        1.9098266427438630        4.0898730538853494      -0.48704256068041429        9.4485981146955869        1.9819979103104590        18.105069005138137       -5.3688539427764521       -27.194526401762850     
  0.15852885225110971       -1.4115015736800240E-003  -6.0182745700629149E-003  0.83564639112402861      -0.53358904199906743        1.3291478736057993        1.8592336471636869E-002   1.8394479287589940        4.1187343207695717      -0.54984141711038292        9.4450150688614851        1.9398983020211049        18.109509353821569       -5.3362687793721184       -27.200901948211939     
  0.19023462270133165       -1.3257856099889744E-003  -6.0434125572632292E-003  0.92232127345995818      -0.35405436300726811        1.2909681419417960       0.17128695068236274        1.7682771613342709        4.1458214427895497      -0.61261418782540766        9.4409894230602074        1.8977859278464106        18.113830621459410       -5.3036736697548799       -27.207226796141239     
  0.22194039315155359       -1.2392286313323714E-003  -6.0667561342971433E-003  0.97104167829230359      -0.16022833401822023        1.2297181520700884       0.32078698050983501        1.6963431517110981        4.1711184330523832      -0.67535792849018172        9.4365213334029878        1.8556610636022151        18.118032776963155       -5.2710686745647672       -27.213500933495741     
  0.25364616360177550       -1.1518520005138434E-003  -6.0882652634388409E-003  0.97949517833501476        3.9973101485941180E-002   1.1448673414745019       0.46398130989749692        1.6236748610326168        4.1946092132949317      -0.73806969582604764        9.4316109731764577        1.8135239851498155        18.122115789642418       -5.2384538544482471       -27.219724348252456     
  0.28535193405199749       -1.0636822378049479E-003  -6.1078985009489946E-003  0.94700411196280321       0.23824213484289128        1.0361433909541600       0.59733012760368676        1.5503014288731165        4.2162776035135945      -0.80074654769436981        9.4262585328551758        1.7713749683976310        18.126079629204014       -5.2058292700585653       -27.225897028420100     
  0.31705770450221943       -9.7475133988530940E-004  -6.1256139763871398E-003  0.87460767695468489       0.42621692681179368       0.90367108339339819       0.71678802526924934        1.4762522024745686        4.2361073121223951      -0.86338554318047789        9.4204642201171946        1.7292142893030926        18.129924265753587       -5.1731949820556293       -27.232018962039859     
  0.34876347495244137       -8.8509690558933652E-004  -6.1413704513012786E-003  0.76507231150405941       0.59584411841125473       0.74817689194320380       0.81774207951219757        1.4015567667591631        4.2540819266521899      -0.92598374267795902        9.4142282598609430        1.6870422238744422        18.133649669796828       -5.1405510511063950       -27.238090137183235     
  0.38046924540266330       -7.9476204601699823E-004  -6.1551284174791235E-003  0.62282066984798656       0.73974951471223227       0.57127964440806989       0.89499492820300475        1.3262449751916785        4.2701849049984792      -0.98853820797324410        9.4075508942245722        1.6448590481726404        18.137255812239864       -5.1078975378848757       -27.244110541955088     
  0.41217501585288524       -7.0379506813170037E-004  -6.1668511903675812E-003  0.45377393041384528       0.85159623650411564       0.37588224394009101       0.94284775464039983        1.2503469815729100        4.2843995672301221       -1.0510460023300505        9.4004323826076135        1.6026650383134795        18.140742664390679       -5.0752345030723767       -27.250080164491610     
  0.44388078630310718       -6.1224893180438790E-004  -6.1765059562568095E-003  0.26510851529325719       0.92640680619664273       0.16665403810347182       0.95537366467752327        1.1738932728470060        4.2967090879608669       -1.1135041905734846        9.3928730016956639        1.5604604704694642        18.144110197959449       -5.0425620073577040       -27.255998992960972     
  0.47558655675332911       -5.2018048225179142E-004  -6.1840647411279571E-003   6.4936423226249068E-002  0.96082523872266168       -4.9475929099188631E-002  0.92700449016378550        1.0969147030025410        4.3070964892791839       -1.1759098391729970        9.3848730454863993        1.5182456208720658        18.147358385059505       -5.0098801114373144       -27.261867015563190     
  0.50729232720355100       -4.2764944444367246E-004  -6.1895052734656682E-003 -0.13807420453423358       0.95329910310200949      -0.26301114541872528       0.85353145121117568        1.0194425281348176        4.3155446342409993       -1.2382600163240969        9.3764328253180516        1.4760207658140168        18.150487198207802       -4.9771888760155027       -27.267684220530278     
  0.53899809765377293       -3.3471713769947308E-004  -6.1928116876662168E-003 -0.33511675991529322       0.90416566298686685      -0.46209519664698179       0.73350195840160703       0.94150844273388246        4.3220362209469068       -1.3005517920286127        9.3675526698976874        1.4337861816516484        18.153496610325952       -4.9444883618046163       -27.273450596126061     
  0.57070386810399498       -2.4144486750698414E-004  -6.1939749357811996E-003 -0.51767323155275813       0.81563330723578942      -0.63363638198640426       0.56968416351373907       0.86314461726947667        4.3265537772580691       -1.3627822381737378        9.3582329253307854        1.3915421448071090        18.156386594740034       -4.9117786295251982       -27.279166130646129     
  0.60240963855421692       -1.4789205162967035E-004  -6.1929926769604187E-003 -0.67792143735792798       0.69166079644426626      -0.76544447355981748       0.36986065759794484       0.78438373716656196        4.3290796562235760       -1.4249484286099789        9.3484739551493696        1.3492889317707164        18.159157125180837       -4.8790597399061761       -27.284830812418001     
  0.63411540900443886       -5.4114354812992488E-005  -6.1898684296993788E-003 -0.80909650789277199       0.53774491346719466      -0.84877069055100729       0.14618651921988948       0.70525904328431399        4.3295960322944484       -1.4870474392289506        9.3382761403414865        1.3070268191032075        18.161808175783463       -4.8463317536850905       -27.290444629800930     
  0.66582117945466079        3.9837726881162091E-005  -6.1846100174783643E-003 -0.90578553590115929       0.36063413411855205      -0.88008026491575653       -8.6957495927388120E-002  0.62580437402038702        4.3280848983960825       -1.5490763480405649        9.3276398793800652        1.2647560834381433        18.164339721089029       -4.8135947316081840       -27.296007571185761     
  0.69752694990488273        1.3391951021615996E-004  -6.1772276733378746E-003 -0.96414145136029217       0.16799064405944245      -0.86118982254242782      -0.31569135573529911       0.54605420916484260        4.3245280639242969       -1.6110322352504900        9.3165655882528835        1.2224770014837840        18.166751736042141       -4.7808487344306112       -27.301519624994945     
  0.72923272035510467        2.2809203186859373E-004  -6.1677322708751040E-003 -0.98201005268773311       -3.1975356817868693E-002 -0.79793322922164678      -0.52871552490662255       0.46604371562604785        4.3189071537350037       -1.6729121833365526        9.3050537004958169        1.1801898500255374        18.169044195992200       -4.7480938229157879       -27.306980779682945     
  0.76093849080532661        3.2232151566339488E-004  -6.1561339407549100E-003 -0.95897139780867313      -0.23087631112197157      -0.69826630581051308      -0.71815281351440241       0.38580879515258948        4.3112036082098042       -1.7347132771243461        9.2931046672262472        1.1378949059280452        18.171217076693083       -4.7153300578384911       -27.312391023735358     
  0.79264426125554854        4.1657868967911056E-004  -6.1424410644978639E-003 -0.89630252464736737      -0.42050346059932131      -0.57064403404802855      -0.87935907529444624       0.30538613418064525        4.3013986844899907       -1.7964326038612397        9.2807189571778448        1.0955924461372619        18.173270354302648       -4.6825574999807547       -27.317750345669587     
  0.82435003170577048        5.1083809292281777E-004  -6.1266595202196386E-003 -0.79687226511868903      -0.59315352098630492      -0.42300358267515725       -1.0102308734344665       0.22481325594124191        4.2894734589898382       -1.8580672532886766        9.2678970567382830        1.0532827476829736        18.175204005383257       -4.6497762101352302       -27.323058734034372     
  0.85605580215599242        6.0507739086734943E-004  -6.1087920742229898E-003 -0.66498070920319574      -0.74191566208332482      -0.26229661286675743       -1.1104343208055569       0.14412857497101142        4.2754088313132472       -1.9196143177121430        9.2546394699867101        1.0109660876808084        18.177018006900411       -4.6169862491039657       -27.328316177410120     
  0.88776157260621436        6.9927667581852937E-004  -6.0888378696865864E-003 -0.50615596676464725      -0.86091291393996150       -9.4379205808981959E-002  -1.1807613192732778        6.3371454176904873E-002   4.2591855297170813       -1.9810708920690359        9.2409467187306849       0.96864274333456779        18.178712336223288       -4.5841876776987158       -27.333522664408843     
  0.91946734305643629        7.9341773070850242E-004  -6.0667920036526967E-003 -0.32691975323802341      -0.94549555197884816        7.5913645940667504E-002  -1.2226636857475326       -1.7417735385931370E-002   4.2407841182777339       -2.0424340739938849        9.2268193425456388       0.92631299193870820        18.180286971123692       -4.5513805567412700       -27.338678183673888     
  0.95117311350665823        8.8748324925081270E-004  -6.0426451995901570E-003 -0.13453153376244503      -0.99238633759633532       0.24462090838329859       -1.2379442965158780       -9.8197551856223933E-002   4.2201850059429971       -2.1037009638814155        9.2122578988112398       0.88397711088033171        18.181741889775903       -4.5185649470636333       -27.343782723880558     
  0.98287888395688017        9.8145601639270047E-004  -6.0163835853404906E-003   6.3281002460736743E-002 -0.99977871568245424       0.40849529191704470       -1.2285651911627511      -0.17892541685343294        4.1973684576668662       -2.1648686649465598        9.1972629627484146       0.84163537764170415        18.183077070755708       -4.4857409095082668       -27.348836273735049     
   1.0145846544071020        1.0753180584318173E-003  -5.9879885844313337E-003  0.25859909869006886      -0.96738935774395352       0.56485653195841246       -1.1965356353930454      -0.25955754652634755        4.1723146078509936       -2.2259342832828048        9.1818351274540078       0.79928806980247946        18.184292493039376       -4.4529085049281534       -27.353838821975426     
   1.0462904248573239        1.1690497741797088E-003  -5.9574369270022163E-003  0.44359289715191852      -0.89646604153336207       0.71146714816515755       -1.1438523052345759      -0.34004887917253224        4.1450034763427279       -2.2868949279170629        9.1659750039343493       0.75693546504194242        18.185388136002935       -4.4200677941872693       -27.358790357370903     
   1.0779961953075459        1.2626290596077032E-003  -5.9247007861147876E-003  0.61079992726073151      -0.78975107555151602       0.84643142678908467       -1.0724725920007805      -0.42035299923019082        4.1154149872683083       -2.3477477108627034        9.1496832211371011       0.71457784114120226        18.186363979421213       -4.3872188381604600       -27.363690868722010     
   1.1097019657577678        1.3560304401226890E-003  -5.8897480456049532E-003  0.75339760807741063      -0.65139963314301852       0.96811507895533144      -0.98430875854950739      -0.50042205743669210        4.0835289910089640       -2.4084897471701887        9.1329604259801904       0.67221547598539244        18.187220003465971       -4.3543616977338742       -27.368540344860641     
   1.1414077362079900        1.4492242277343258E-003  -5.8525427059193096E-003  0.86546431021445014      -0.48685178258090339        1.0750821687125047      -0.88123528955224173      -0.58020668694169297        4.0493252896702376       -2.4691181549751837        9.1158072833770767       0.62984864756572667        18.187956188704934       -4.3214964338050494       -27.373338774649604     
   1.1731135066582119        1.5421757249238269E-003  -5.8130454334632507E-003  0.94222197291448717      -0.30265698306381034        1.1660461944827418      -0.76510488040251168      -0.65965591515688993        4.0127836664254666       -2.5296300555450348        9.0982244762619207       0.58747763398147923        18.188572516100564       -4.2886231072829650       -27.378086146982863     
   1.2048192771084338        1.6348445024980118E-003  -5.7712142559072747E-003  0.98025137801807904      -0.10625062878410325        1.2398328397698279      -0.63777063515363586      -0.73871707111988538        3.9738839191648871       -2.5900225733230275        9.0802127056089983       0.54510271344194572        18.189068967007977       -4.2557417790884884       -27.382782450785591     
   1.2365250475586558        1.7271837841473557E-003  -5.7270053999295195E-003  0.97766929928354596        9.4315916258678051E-002   1.2953525708325135      -0.50111338695388741      -0.81733568814690027        3.9326058989299715       -2.6502928359711295        9.0617726904493381       0.50272416426832189        18.189445523174271       -4.2228525101541310       -27.387427675012987     
   1.2682308180088777        1.8191399744711659E-003  -5.6803742587026810E-003  0.93425531516465565       0.29068736550689611        1.3315820141254213      -0.35707389164662307      -0.89545540154820402        3.8889295536626829       -2.7104379744114695        9.0429051678848165       0.46034226489538466        18.189702166734360       -4.1899553614246772       -27.392021808651805     
   1.2999365884590997        1.9106523683024529E-003  -5.6312764643390457E-003  0.85151562671948056       0.47455022575003836        1.3475538960532740      -0.20769023952701796      -0.97301784118208723        3.8428349778655004       -2.7704551228667347        9.0236108930984891       0.41795729387322084        18.189838880212942       -4.1570503938569763       -27.396564840719218     
   1.3316423589093216        2.0016530756684033E-003  -5.5796690265399740E-003  0.73267228624894343       0.63799913652951601        1.3423562826994218       -5.5141253832407283E-002  -1.0499625186288146        3.7943024688313138       -2.8303414189001033        9.0038906393592768       0.37556952986880804        18.189855646520343       -4.1241376684204241       -27.401056760263092     
   1.3633481293595435        2.0920671874656341E-003  -5.5255114847161807E-003  0.58256920650172794       0.77390612925838531        1.3151430197607443        9.8203114440350819E-002  -1.1262267087756714        3.7433125901813700       -2.8900940034541334        8.9837451980278118       0.33317925166762308        18.189752448951836       -4.0912172460968295       -27.405497556361791     
   1.3950538998097655        2.1818131915113453E-003  -5.4687670093875387E-003  0.40749129989914007       0.87627125363904745        1.2651587950614753       0.24972340437110657       -1.2017453256189454        3.6898462435327182       -2.9497100208900995        8.9631753785548707       0.29078673817513356        18.189529271185371       -4.0582891878808214       -27.409887218124290     
   1.4267596702599874        2.2708036278491777E-003  -5.4094033825598953E-003  0.21489980944968665       0.94053090157849295        1.1917843120889051       0.39648376692973225       -1.2764507921070865        3.6338847492134181       -3.0091866190266452        8.9421820084793566       0.24839226841827777        18.189186097280391       -4.0253535547800885       -27.414225734690000     
   1.4584654407102093        2.3589459481650754E-003  -5.3473937885657229E-003   1.3094605154249794E-002  0.96380057015995380        1.0946098668702520       0.53515745650767166       -1.3502729038721508        3.5754099370485704       -3.0685209491785579        8.9207659334213325       0.20599612154700764        18.188722911675740       -3.9924104078153766       -27.418513095228537     
   1.4901712111604313        2.4461435202195480E-003  -5.2827173580703383E-003 -0.18917818165867886       0.94503218268096101       0.97354927160132831       0.66194863387276803       -1.4231386867188591        3.5144042483504117       -3.1277101661951670        8.8989280170732528       0.16359857683571111        18.188139699188319       -3.9594598080208101       -27.422749288939514     
   1.5218769816106532        2.5322966982716699E-003  -5.2153594287568869E-003 -0.38314861823358543       0.88507231831991906       0.82901031856407781       0.77252062013583822       -1.4949722477704555        3.4508508503535889       -3.1867514284983964        8.8766691411865200       0.12119991368461516        18.187436445010587       -3.9265018164440963       -27.426934305052868     
   1.5535827520608751        2.6173038684898444E-003  -5.1453115151038507E-003 -0.56044733135770686       0.78661606033843401       0.66214155276302722       0.86195231972333630       -1.5656946202200777        3.3847337644406386       -3.2456418981211494        8.8539902055538722        7.8800411621118283E-002   18.186613134708757       -3.8935364941467352       -27.431068132828404     
   1.5852885225110971        2.7010623777426893E-003  -5.0725710139644794E-003 -0.71350325943861015       0.65406042306462187       0.47517430102918412       0.92476444672692470       -1.6352236017265329        3.3160380096181132       -3.3043787407455358        8.8308921279875605        3.6400350301020110E-002   18.185669754221042       -3.8605639022041562       -27.435150761555594     
   1.6169942929613190        2.7834692680302033E-003  -4.9971407085539514E-003 -0.83588937663041674       0.49326997862323968       0.27186506249304321       0.95508746611962803       -1.7034735866258770        3.2447497628649105       -3.3629591257433709        8.8073758442925545       -5.9999904903805870E-003   18.184606289854710       -3.8275841017060097       -27.439182180553345     
   1.6487000634115410        2.8644217705572654E-003  -4.9190281654257059E-003 -0.92259688178457311       0.31127401766241580        5.8000387841322248E-002  0.94707919783141414       -1.7703553922779041        3.1708565381887435       -3.4213802262174324        8.7834423082353581       -4.8400330837304044E-002   18.183422728284473       -3.7945971537562175       -27.443162379170197     
   1.6804058338617629        2.9438175663614868E-003  -4.8382451365034541E-003 -0.97022594847467636       0.11591845366260822      -0.15816651698223583       0.89571750339818001       -1.8357760800081504        3.0943473864622577       -3.4796392190458776        8.7590924915092057       -9.0800390692634472E-002   18.182119056550189       -3.7616031194732211       -27.447091346783584     
   1.7121116043119848        3.0215548911487933E-003  -4.7548070608082471E-003 -0.97708906312736277       -8.4503519640465097E-002 -0.36582331977634047       0.79803137436640981       -1.8996387712470648        3.0152131183296826       -3.5377332849303222        8.7343273836973392      -0.13319988987717329        18.180695262054336       -3.7286020599901151       -27.450969072800071     
   1.7438173747622068        3.0975326225462152E-003  -4.6687326816323991E-003 -0.94323000270159241      -0.28161990055066388      -0.55224793875403733       0.65460622895932541       -1.9618424596526010        2.9334465526656168       -3.5956596084458465        8.7091479922335093      -0.17559854807898134        18.179151332560604       -3.6955940364548634       -27.454795546654733     
