   3.1705770450221937E-002   5.4736050705814181E-319   6.9533297754288235E-310   1.3787889978491667E-319   6.9533298153317390E-310   8.0814317690252697E-320   6.9532309571142881E-310
   6.3411540900443875E-002   5.4736050705814181E-319   6.9533297754288235E-310   1.3787889978491667E-319   6.9533298153317390E-310   8.0814317690252697E-320   6.9532309571142881E-310
   9.5117311350665826E-002   5.4736050705814181E-319   6.9533297754288235E-310   1.3787889978491667E-319   6.9533298153317390E-310   8.0814317690252697E-320   6.9532309571142881E-310
  0.12682308180088775        5.4736050705814181E-319   6.9533297754288235E-310   1.3787889978491667E-319   6.9533298153317390E-310   8.0814317690252697E-320   6.9532309571142881E-310
  0.15852885225110971        5.4736050705814181E-319   6.9533297754288235E-310   1.3787889978491667E-319   6.9533298153317390E-310   8.0814317690252697E-320   6.9532309571142881E-310
  0.19023462270133165        5.4736050705814181E-319   6.9533297754288235E-310   1.3787889978491667E-319   6.9533298153317390E-310   8.0814317690252697E-320   6.9532309571142881E-310
  0.22194039315155359        5.4736050705814181E-319   6.9533297754288235E-310   1.3787889978491667E-319   6.9533298153317390E-310   8.0814317690252697E-320   6.9532309571142881E-310
  0.25364616360177550        5.4736050705814181E-319   6.9533297754288235E-310   1.3787889978491667E-319   6.9533298153317390E-310   8.0814317690252697E-320   6.9532309571142881E-310
  0.28535193405199749        5.4736050705814181E-319   6.9533297754288235E-310   1.3787889978491667E-319   6.9533298153317390E-310   8.0814317690252697E-320   6.9532309571142881E-310
  0.31705770450221943        5.4736050705814181E-319   6.9533297754288235E-310   1.3787889978491667E-319   6.9533298153317390E-310   8.0814317690252697E-320   6.9532309571142881E-310
  0.34876347495244137        5.4736050705814181E-319   6.9533297754288235E-310   1.3787889978491667E-319   6.9533298153317390E-310   8.0814317690252697E-320   6.9532309571142881E-310
  0.38046924540266330        5.4736050705814181E-319   6.9533297754288235E-310   1.3787889978491667E-319   6.9533298153317390E-310   8.0814317690252697E-320   6.9532309571142881E-310
  0.41217501585288524        5.4736050705814181E-319   6.9533297754288235E-310   1.3787889978491667E-319   6.9533298153317390E-310   8.0814317690252697E-320   6.9532309571142881E-310
  0.44388078630310718        5.4736050705814181E-319   6.9533297754288235E-310   1.3787889978491667E-319   6.9533298153317390E-310   8.0814317690252697E-320   6.9532309571142881E-310
  0.47558655675332911        5.4736050705814181E-319   6.9533297754288235E-310   1.3787889978491667E-319   6.9533298153317390E-310   8.0814317690252697E-320   6.9532309571142881E-310
  0.50729232720355100        5.4736050705814181E-319   6.9533297754288235E-310   1.3787889978491667E-319   6.9533298153317390E-310   8.0814317690252697E-320   6.9532309571142881E-310
  0.53899809765377293        5.4736050705814181E-319   6.9533297754288235E-310   1.3787889978491667E-319   6.9533298153317390E-310   8.0814317690252697E-320   6.9532309571142881E-310
  0.57070386810399498        5.4736050705814181E-319   6.9533297754288235E-310   1.3787889978491667E-319   6.9533298153317390E-310   8.0814317690252697E-320   6.9532309571142881E-310
  0.60240963855421692        5.4736050705814181E-319   6.9533297754288235E-310   1.3787889978491667E-319   6.9533298153317390E-310   8.0814317690252697E-320   6.9532309571142881E-310
  0.63411540900443886        5.4736050705814181E-319   6.9533297754288235E-310   1.3787889978491667E-319   6.9533298153317390E-310   8.0814317690252697E-320   6.9532309571142881E-310
  0.66582117945466079        5.4736050705814181E-319   6.9533297754288235E-310   1.3787889978491667E-319   6.9533298153317390E-310   8.0814317690252697E-320   6.9532309571142881E-310
  0.69752694990488273        5.4736050705814181E-319   6.9533297754288235E-310   1.3787889978491667E-319   6.9533298153317390E-310   8.0814317690252697E-320   6.9532309571142881E-310
  0.72923272035510467        5.4736050705814181E-319   6.9533297754288235E-310   1.3787889978491667E-319   6.9533298153317390E-310   8.0814317690252697E-320   6.9532309571142881E-310
  0.76093849080532661        5.4736050705814181E-319   6.9533297754288235E-310   1.3787889978491667E-319   6.9533298153317390E-310   8.0814317690252697E-320   6.9532309571142881E-310
  0.79264426125554854        5.4736050705814181E-319   6.9533297754288235E-310   1.3787889978491667E-319   6.9533298153317390E-310   8.0814317690252697E-320   6.9532309571142881E-310
  0.82435003170577048        5.4736050705814181E-319   6.9533297754288235E-310   1.3787889978491667E-319   6.9533298153317390E-310   8.0814317690252697E-320   6.9532309571142881E-310
  0.85605580215599242        5.4736050705814181E-319   6.9533297754288235E-310   1.3787889978491667E-319   6.9533298153317390E-310   8.0814317690252697E-320   6.9532309571142881E-310
  0.88776157260621436        5.4736050705814181E-319   6.9533297754288235E-310   1.3787889978491667E-319   6.9533298153317390E-310   8.0814317690252697E-320   6.9532309571142881E-310
  0.91946734305643629        5.4736050705814181E-319   6.9533297754288235E-310   1.3787889978491667E-319   6.9533298153317390E-310   8.0814317690252697E-320   6.9532309571142881E-310
  0.95117311350665823        5.4736050705814181E-319   6.9533297754288235E-310   1.3787889978491667E-319   6.9533298153317390E-310   8.0814317690252697E-320   6.9532309571142881E-310
  0.98287888395688017        5.4736050705814181E-319   6.9533297754288235E-310   1.3787889978491667E-319   6.9533298153317390E-310   8.0814317690252697E-320   6.9532309571142881E-310
   1.0145846544071020        5.4736050705814181E-319   6.9533297754288235E-310   1.3787889978491667E-319   6.9533298153317390E-310   8.0814317690252697E-320   6.9532309571142881E-310
   1.0462904248573239        5.4736050705814181E-319   6.9533297754288235E-310   1.3787889978491667E-319   6.9533298153317390E-310   8.0814317690252697E-320   6.9532309571142881E-310
   1.0779961953075459        5.4736050705814181E-319   6.9533297754288235E-310   1.3787889978491667E-319   6.9533298153317390E-310   8.0814317690252697E-320   6.9532309571142881E-310
   1.1097019657577678        5.4736050705814181E-319   6.9533297754288235E-310   1.3787889978491667E-319   6.9533298153317390E-310   8.0814317690252697E-320   6.9532309571142881E-310
   1.1414077362079900        5.4736050705814181E-319   6.9533297754288235E-310   1.3787889978491667E-319   6.9533298153317390E-310   8.0814317690252697E-320   6.9532309571142881E-310
   1.1731135066582119        5.4736050705814181E-319   6.9533297754288235E-310   1.3787889978491667E-319   6.9533298153317390E-310   8.0814317690252697E-320   6.9532309571142881E-310
   1.2048192771084338        5.4736050705814181E-319   6.9533297754288235E-310   1.3787889978491667E-319   6.9533298153317390E-310   8.0814317690252697E-320   6.9532309571142881E-310
   1.2365250475586558        5.4736050705814181E-319   6.9533297754288235E-310   1.3787889978491667E-319   6.9533298153317390E-310   8.0814317690252697E-320   6.9532309571142881E-310
   1.2682308180088777        5.4736050705814181E-319   6.9533297754288235E-310   1.3787889978491667E-319   6.9533298153317390E-310   8.0814317690252697E-320   6.9532309571142881E-310
   1.2999365884590997        5.4736050705814181E-319   6.9533297754288235E-310   1.3787889978491667E-319   6.9533298153317390E-310   8.0814317690252697E-320   6.9532309571142881E-310
   1.3316423589093216        5.4736050705814181E-319   6.9533297754288235E-310   1.3787889978491667E-319   6.9533298153317390E-310   8.0814317690252697E-320   6.9532309571142881E-310
   1.3633481293595435        5.4736050705814181E-319   6.9533297754288235E-310   1.3787889978491667E-319   6.9533298153317390E-310   8.0814317690252697E-320   6.9532309571142881E-310
   1.3950538998097655        5.4736050705814181E-319   6.9533297754288235E-310   1.3787889978491667E-319   6.9533298153317390E-310   8.0814317690252697E-320   6.9532309571142881E-310
   1.4267596702599874        5.4736050705814181E-319   6.9533297754288235E-310   1.3787889978491667E-319   6.9533298153317390E-310   8.0814317690252697E-320   6.9532309571142881E-310
   1.4584654407102093        5.4736050705814181E-319   6.9533297754288235E-310   1.3787889978491667E-319   6.9533298153317390E-310   8.0814317690252697E-320   6.9532309571142881E-310
