   1.9201014584654407E-002  -3.5978364592011142E-015   1.3284018242817569E-006   6.6309428977542540E-007
   3.8376664552948636E-002  -1.0036070123034688E-014   2.8216381536453019E-006   1.4084685158525562E-006
   5.7552314521242869E-002  -2.2723177637059670E-015   4.4790092465914464E-006   2.2357733989344325E-006
   7.6727964489537101E-002  -5.6807944092649175E-016   6.2957278311971668E-006   3.1426192809322968E-006
   9.5903614457831327E-002  -2.8403972046324589E-015   8.2647960822781784E-006   4.1255130798113850E-006
  0.11507926442612555       -4.7339953410540981E-015   1.0377054780639877E-005   5.1798828182116586E-006
  0.13425491439441978       -1.4959425277730952E-014   1.2621253409240017E-005   6.3001126054539266E-006
  0.15343056436271402       -1.6663663600510426E-014   1.4984140199825468E-005   7.4795876051920691E-006
  0.17260621433100826       -1.6663663600510426E-014   1.7450571222831962E-005   8.7107484648281517E-006
  0.19178186429930247       -7.0063131047600651E-015   2.0003637325688099E-005   9.9851546981709536E-006
  0.21095751426759671       -2.1397658941564523E-014   2.2624808031881672E-005   1.1293556486832894E-005
  0.23013316423589092       -3.3516687014663014E-014   2.5294091517326271E-005   1.2625974586073385E-005
  0.24930881420418516       -3.6167724405653310E-014   2.7990210634389343E-005   1.3971788150534524E-005
  0.26848446417247940       -2.4238056146196981E-014   3.0690795557167214E-005   1.5319830904931492E-005
  0.28766011414077364       -1.7989182296005574E-014   3.3372595081869718E-005   1.6658496606556799E-005
  0.30683576410906788       -2.2344458009775342E-014   3.6011710439718974E-005   1.7975855777342731E-005
  0.32601141407736206       -1.1740308445814164E-014   3.8583857502420077E-005   1.9259786595754338E-005
  0.34518706404565630       -3.2191168319167869E-014   4.1064665795702606E-005   2.0498124103350496E-005
  0.36436271401395054       -3.5978364592011148E-014   4.3430023905831730E-005   2.1678832703093031E-005
  0.38353836398224478       -3.3706046828305176E-014   4.5656481593746440E-005   2.2790206805281389E-005
  0.40271401395053902       -2.0261500059711540E-014   4.7721715581166031E-005   2.3821103369665913E-005
  0.42188966391883320       -9.8467103093925244E-015   4.9605059215376062E-005   2.4761206279060411E-005
  0.44106531388712744       -3.0297570182746227E-015   5.1288083837066108E-005   2.5601316555456304E-005
  0.46024096385542168        8.1424719866130482E-015   5.2755203654528990E-005   2.6333654290673273E-005
  0.47941661382371592        1.1361588818529835E-015   5.3994258432701825E-005   2.6952149485936134E-005
  0.49859226379201016       -8.7105514275395397E-015   5.4997015325286107E-005   2.7452692584121720E-005
  0.51776791376030440       -8.8999112411817046E-015   5.5759528655662072E-005   2.7833314040111762E-005
  0.53694356372859864       -1.0225429936676853E-014   5.6282308058535022E-005   2.8094268241303717E-005
  0.55611921369689288       -7.9531121729708849E-015   5.6570270238914934E-005   2.8238009446729355E-005
  0.57529486366518712       -2.2533817823417507E-014   5.6632481747662144E-005   2.8269063368717412E-005
  0.59447051363348125       -1.2876467327667147E-014   5.6481729617388211E-005   2.8193812891959965E-005
  0.61364616360177549       -1.1172229004887671E-014   5.6133976088889612E-005   2.8020225823443156E-005
  0.63282181357006972       -1.8557261736932066E-014   5.5607757754516176E-005   2.7757555016928462E-005
  0.65199746353836396       -2.2912537450701833E-014   5.4923581841972100E-005   2.7416037008862198E-005
  0.67117311350665820       -2.8214612232682425E-014   5.4103356862132727E-005   2.7006607801880940E-005
  0.69034876347495244       -3.2001808505525701E-014   5.3169877732464156E-005   2.6540645866723151E-005
  0.70952441344324668       -3.6357084219295472E-014   5.2146371937414175E-005   2.6029745594993610E-005
  0.72870006341154092       -3.4842205710158159E-014   5.1056103963673093E-005   2.5485519852861456E-005
  0.74787571337983516       -4.6014434715045834E-014   4.9922030625891174E-005   2.4919427914262370E-005
  0.76705136334812940       -4.2037878628560394E-014   4.8766499157661358E-005   2.4342624793648000E-005
  0.78622701331642364       -5.7186663719933504E-014   4.7610980557009490E-005   2.3765828086524709E-005
  0.80540266328471777       -7.4986486202296910E-014   4.6475832691637720E-005   2.3199199775942889E-005
  0.82457831325301201       -6.7412093656610352E-014   4.5380089477699321E-005   2.2652240977876867E-005
  0.84375396322130625       -7.6501364711434229E-014   4.4341274142320228E-005   2.2133698687171659E-005
  0.86292961318960049       -7.4418406761370425E-014   4.3375235232704698E-005   2.1651483988792877E-005
  0.88210526315789473       -1.0036070123034687E-013   4.2496005578916189E-005   2.1212601588140116E-005
  0.90128091312618897       -1.0528405638504314E-013   4.1715683948334691E-005   2.0823090814629834E-005
  0.92045656309448320       -1.0774573396239127E-013   4.1044340045362530E-005   2.0487978122636538E-005
  0.93963221306277744       -1.0736701433510695E-013   4.0489942769932242E-005   2.0211241323851534E-005
  0.95880786303107168       -1.1001805172609724E-013   4.0058312291112757E-005   1.9995785651397530E-005
  0.97798351299936592       -1.1399460781258268E-013   3.9753095615867563E-005   1.9843431571483221E-005
  0.99715916296766016       -1.1229036948980320E-013   3.9575765674813930E-005   1.9754914325906461E-005
   1.0163348129359544       -1.1607756576264649E-013   3.9525643229423052E-005   1.9729894855644734E-005
   1.0355104629042486       -1.0888189284424425E-013   3.9599940925809969E-005   1.9766981814001997E-005
   1.0546861128725429       -1.0736701433510695E-013   3.9793828533184718E-005   1.9863764101044667E-005
   1.0738617628408371       -9.8277743280283082E-014   4.0100517946395448E-005   2.0016853325643073E-005
   1.0930374128091314       -1.0433725731683232E-013   4.0511366681708210E-005   2.0221935434141017E-005
   1.1122130627774256       -1.1096485079430806E-013   4.1015998589458010E-005   2.0473831002824244E-005
   1.1313887127457196       -1.1115421060795022E-013   4.1602441120309753E-005   2.0766563734225175E-005
   1.1505643627140139       -1.1380524799894052E-013   4.2257279733153713E-005   2.1093437528268837E-005
   1.1697400126823081       -1.0547341619868530E-013   4.2965831425300609E-005   2.1447123121968871E-005
   1.1889156626506023       -1.0869253303060209E-013   4.3712339030685671E-005   2.1819755047460124E-005
   1.2080913126188966       -8.2750238561625630E-014   4.4480183232532772E-005   2.2203037511409208E-005
   1.2272669625871908       -7.9720481543351017E-014   4.5252099896170186E-005   2.2588352802227836E-005
   1.2464426125554851       -9.4111827380155473E-014   4.6010383748272269E-005   2.2966863035320414E-005
   1.2656182625237793       -1.0168621992584203E-013   4.6737066066926008E-005   2.3329598830651556E-005
   1.2847939124920735       -1.0604149563961180E-013   4.7414069763617636E-005   2.3667536701218772E-005
   1.3039695624603678       -9.8467103093925244E-014   4.8023355992342671E-005   2.3971672255580868E-005
   1.3231452124286620       -1.0036070123034687E-013   4.8547073531457020E-005   2.4233094743097848E-005
   1.3423208623969562       -1.0092878067127337E-013   4.8967713490049690E-005   2.4443064309441218E-005
   1.3614965123652505       -1.0111814048491553E-013   4.9268266998517415E-005   2.4593090688515382E-005
   1.3806721623335447       -9.5437346075650618E-014   4.9432383819079814E-005   2.4675012384689706E-005
   1.3998478123018390       -1.0282237880769501E-013   4.9444533533154068E-005   2.4681077116750709E-005
   1.4190234622701332       -9.2028869430091669E-014   4.9290174707437167E-005   2.4604026297386019E-005
   1.4381991122384274       -8.9567191852743541E-014   4.8955941486040653E-005   2.4437188119754346E-005
   1.4573747622067217       -9.9981981603062551E-014   4.8429858856765099E-005   2.4174585051222525E-005
   1.4765504121750159       -9.6005425516577103E-014   4.7701598598999229E-005   2.3811061599030150E-005
   1.4957260621433102       -9.0892710548238686E-014   4.6762785157297140E-005   2.3342436956043232E-005
   1.5149017121116044       -9.2596948871018154E-014   4.5607353009966194E-005   2.2765683410294233E-005
   1.5340773620798986       -9.9413902162136065E-014   4.4231945157020802E-005   2.2079125259181171E-005
   1.5532530120481927       -1.0585213582596963E-013   4.2636325578996858E-005   2.1282644692337476E-005
   1.5724286620164869       -9.8656462907567406E-014   4.0823761580538100E-005   2.0377872646906787E-005
   1.5916043119847811       -9.9035182534851729E-014   3.8801319075157643E-005   1.9368336182788925E-005
   1.6107799619530754       -1.1361588818529835E-013   3.6580012409200097E-005   1.8259533294373603E-005
   1.6299556119213696       -1.0604149563961180E-013   3.4174762619492433E-005   1.7058912088364801E-005
   1.6491312618896639       -1.2137964054462707E-013   3.1604143996567109E-005   1.5775744214208655E-005
   1.6683069118579581       -1.2289451905376439E-013   2.8889930520541206E-005   1.4420898541623074E-005
   1.6874825618262523       -1.2289451905376439E-013   2.6056483833724068E-005   1.3006535591216084E-005
   1.7066582117945466       -1.1380524799894052E-013   2.3130042123926133E-005   1.1545752603054440E-005
   1.7258338617628408       -1.1569884613536216E-013   2.0137973505700911E-005   1.0052210825448560E-005
   1.7450095117311351       -1.2081156110370058E-013   1.7108048916409727E-005   8.5397725964837414E-006
   1.7641851616994293       -1.2005412184913194E-013   1.4067773644340959E-005   7.0221676516707331E-006
   1.7833608116677235       -1.2327323868104871E-013   1.1043799451561592E-005   5.5126996649528869E-006
   1.8025364616360178       -1.1437332743986701E-013   8.0614249662217259E-006   4.0239968835314240E-006
   1.8217121116043120       -1.1380524799894052E-013   5.1441822724510051E-006   2.5678057359070812E-006
   1.8408877615726063       -1.1039677135338157E-013   2.3135023157136269E-006   1.1548238474320869E-006
   1.8600634115409005       -1.0755637414874911E-013  -4.1154987211208428E-007  -2.0543214972060422E-007
   1.8792390615091947       -9.6384145143861440E-014  -3.0144788945334660E-006  -1.5047282942805146E-006
   1.8984147114774890       -9.0892710548238686E-014  -5.4815091976192168E-006  -2.7361882919777273E-006
   1.9175903614457832       -8.8431032970890558E-014  -7.8016876600880049E-006  -3.8943447053038011E-006
   1.9367660114140774       -7.3092888065875280E-014  -9.9669432522689381E-006  -4.9751687350003896E-006
   1.9559416613823717       -7.6122645084149893E-014  -1.1972107276883174E-005  -5.9760803538417471E-006
   1.9751173113506659       -7.4797126388654748E-014  -1.3814897150959725E-005  -6.8959401604597444E-006
   1.9942929613189599       -7.2714168438590944E-014  -1.5495866161731067E-005  -7.7350243393585092E-006
   2.0134686112872542       -7.3282247879517441E-014  -1.7018321438032386E-005  -8.4949837016704275E-006
   2.0326442612555486       -6.3435537570124917E-014  -1.8388212371888593E-005  -9.1787879807436307E-006
   2.0518199112238427       -6.9116331979389833E-014  -1.9613991599008650E-005  -9.7906564659862929E-006
   2.0709955611921371       -7.0063131047600654E-014  -2.0706450857987640E-005  -1.0335976026527673E-005
   2.0901712111604311       -7.1578009556737961E-014  -2.1678534017618420E-005  -1.0821207816574339E-005
   2.1093468611287256       -7.1956729184022297E-014  -2.2545129848982249E-005  -1.1253783817773926E-005
   2.1285225110970196       -6.7222733842968190E-014  -2.3322847079849567E-005  -1.1641994556176612E-005
   2.1476981610653141       -5.4156906701658884E-014  -2.4029774666005019E-005  -1.1994869439120170E-005
   2.1668738110336081       -6.1352579620061113E-014  -2.4685230303596941E-005  -1.2322051236459030E-005
   2.1860494610019026       -5.6239864651722682E-014  -2.5309500434981829E-005  -1.2633666253508441E-005
   2.2052251109701966       -5.3210107633448063E-014  -2.5923575068171294E-005  -1.2940192015828003E-005
   2.2244007609384906       -4.1659159001276064E-014  -2.6548881139611539E-005  -1.3252324136694317E-005
   2.2435764109067851       -3.8629401983001438E-014  -2.7207017875677049E-005  -1.3580844244668891E-005
   2.2627520608750791       -4.3363397324055538E-014  -2.7919498097489342E-005  -1.3936490828751603E-005
   2.2819277108433735       -4.0901719746707411E-014  -2.8707498922922509E-005  -1.4329834798862237E-005
   2.3011033608116676       -3.9765560864854421E-014  -2.9591625581846194E-005  -1.4771161609087543E-005
