   0.0000000000000000        2.2029896885696527E-002   3.8465818408976615E-002   2.0548758440895525E-002
   0.0000000000000000        2.2197186979306407E-002   3.8465818408976615E-002   2.9700511529413252E-002
   0.0000000000000000        2.2302763834981115E-002   3.8800892774263483E-002   2.9700511529413252E-002
   0.0000000000000000        2.2302763834981115E-002   3.8800892774263483E-002   2.9700511529413252E-002
   0.0000000000000000        2.2302763834981115E-002   3.8800892774263483E-002   2.9700511529413252E-002
   0.0000000000000000        2.2302763834981115E-002   3.8800892774263483E-002   2.9700511529413252E-002
   0.0000000000000000        2.2451174123414002E-002   3.8800892774263483E-002   2.9950991773093193E-002
   0.0000000000000000        2.2451174123414002E-002   3.8850788175313886E-002   2.9950991773093193E-002
   0.0000000000000000        2.2451174123414002E-002   3.8850788175313886E-002   2.9950991773093193E-002
   0.0000000000000000        2.2797404585125566E-002   3.9812690292847057E-002   3.3690395303310430E-002
   0.0000000000000000        2.2797404585125566E-002   4.0037597712874462E-002   3.8928486465148932E-002
   0.0000000000000000        2.3185137371266994E-002   5.6547842867221580E-002   5.6524115755815632E-002
   0.0000000000000000        2.3314512117858580E-002   6.2778531887624361E-002  0.14352758004603930     
   0.0000000000000000        2.3314512117858580E-002   6.2778531887624361E-002  0.15904389212831907     
   0.0000000000000000        2.3314512117858580E-002   6.2778531887624361E-002  0.17389285650328914     
   0.0000000000000000        2.3314512117858580E-002   6.2778531887624361E-002  0.17389285650328914     
   0.0000000000000000        2.3314512117858580E-002   6.2778531887624361E-002  0.17389285650328914     
   0.0000000000000000        2.3314512117858580E-002   6.2778531887624361E-002  0.17389285650328914     
   0.0000000000000000        2.3314512117858580E-002   6.2778531887624361E-002  0.17389285650328914     
   0.0000000000000000        2.3314512117858580E-002   6.2778531887624361E-002  0.17389285650328914     
   10.000000000000000        2.2036179636616283E-002   3.8469324813224286E-002   2.0552768292033050E-002
   10.000000000000000        2.2203508984996050E-002   3.8469324813224286E-002   2.9709066084071666E-002
   10.000000000000000        2.2308666388028909E-002   3.8804558924950820E-002   2.9709066084071666E-002
   10.000000000000000        2.2308666388028909E-002   3.8804558924950820E-002   2.9709066084071666E-002
   10.000000000000000        2.2308666388028909E-002   3.8804558924950820E-002   2.9711223847857120E-002
   10.000000000000000        2.2308666388028909E-002   3.8804558924950820E-002   2.9711223847857120E-002
   10.000000000000000        2.2456647352265682E-002   3.8804558924950820E-002   2.9940767629683260E-002
   10.000000000000000        2.2456647352265682E-002   3.8838207796168381E-002   2.9940767629683260E-002
   10.000000000000000        2.2456647352265682E-002   3.8838207796168381E-002   2.9940767629683260E-002
   10.000000000000000        2.2795509732229439E-002   3.9766574394101237E-002   3.3535507547385483E-002
   10.000000000000000        2.2795509732229439E-002   3.9988187442873711E-002   3.8716017268751013E-002
   10.000000000000000        2.3171686896647795E-002   5.6302852955457734E-002   5.6275761147026135E-002
   10.000000000000000        2.3299826298814594E-002   6.2375410863079038E-002  0.14249874089156567     
   10.000000000000000        2.3299826298814594E-002   6.2375410863079038E-002  0.15756985021890549     
   10.000000000000000        2.3299826298814594E-002   6.2375410863079038E-002  0.17240034110572261     
   10.000000000000000        2.3299826298814594E-002   6.2375410863079038E-002  0.17240034110572261     
   10.000000000000000        2.3299826298814594E-002   6.2375410863079038E-002  0.17240034110572261     
   10.000000000000000        2.3299826298814594E-002   6.2375410863079038E-002  0.17240034110572261     
   10.000000000000000        2.3299826298814594E-002   6.2375410863079038E-002  0.17240034110572261     
   10.000000000000000        2.3299826298814594E-002   6.2375410863079038E-002  0.17240034110572261     
   20.000000000000000        2.2036851334263211E-002   3.8474800707233095E-002   2.0562282517508232E-002
   20.000000000000000        2.2204204833319544E-002   3.8474800707233095E-002   2.9731644986380600E-002
   20.000000000000000        2.2308930116613238E-002   3.8810515255642587E-002   2.9731644986380600E-002
   20.000000000000000        2.2308930116613238E-002   3.8810515255642587E-002   2.9731644986380600E-002
   20.000000000000000        2.2308930116613238E-002   3.8810515255642587E-002   2.9743501007711771E-002
   20.000000000000000        2.2308930116613238E-002   3.8810515255642587E-002   2.9743501007711771E-002
   20.000000000000000        2.2453536579812014E-002   3.8810515255642587E-002   2.9913741303922006E-002
   20.000000000000000        2.2453536579812014E-002   3.8810515255642587E-002   2.9913741303922006E-002
   20.000000000000000        2.2453536579812014E-002   3.8810515255642587E-002   2.9913741303922006E-002
   20.000000000000000        2.2771577707096830E-002   3.9631110407928771E-002   3.3094597868448823E-002
   20.000000000000000        2.2771577707096830E-002   3.9847242504482905E-002   3.8117066046898074E-002
   20.000000000000000        2.3114122542126907E-002   5.5587056068285887E-002   5.5559368947117202E-002
   20.000000000000000        2.3237677852263893E-002   6.1199079281085922E-002  0.13937012063241136     
   20.000000000000000        2.3237677852263893E-002   6.1199079281085922E-002  0.15321336993987114     
   20.000000000000000        2.3237677852263893E-002   6.1199079281085922E-002  0.16797001931287167     
   20.000000000000000        2.3237677852263893E-002   6.1199079281085922E-002  0.16797001931287167     
   20.000000000000000        2.3237677852263893E-002   6.1199079281085922E-002  0.16797001931287167     
   20.000000000000000        2.3237677852263893E-002   6.1199079281085922E-002  0.16797001931287167     
   20.000000000000000        2.3237677852263893E-002   6.1199079281085922E-002  0.16797001931287167     
   20.000000000000000        2.3237677852263893E-002   6.1199079281085922E-002  0.16797001931287167     
   30.000000000000000        2.2037887003045792E-002   3.8483218219818940E-002   2.0576795938597202E-002
   30.000000000000000        2.2205282695648972E-002   3.8483218219818940E-002   2.9766423967872532E-002
   30.000000000000000        2.2309371522065979E-002   3.8819738532268326E-002   2.9766423967872532E-002
   30.000000000000000        2.2309371522065979E-002   3.8819738532268326E-002   2.9766423967872532E-002
   30.000000000000000        2.2309371522065979E-002   3.8819738532268326E-002   2.9794089321386167E-002
   30.000000000000000        2.2309371522065979E-002   3.8819738532268326E-002   2.9794089321386167E-002
   30.000000000000000        2.2448916235868827E-002   3.8819738532268326E-002   2.9875746810323702E-002
   30.000000000000000        2.2448916235868827E-002   3.8819738532268326E-002   2.9875746810323702E-002
   30.000000000000000        2.2448916235868827E-002   3.8819738532268326E-002   2.9875746810323702E-002
   30.000000000000000        2.2735678437857971E-002   3.9427178439420611E-002   3.2429202773702807E-002
   30.000000000000000        2.2735678437857971E-002   3.9643327860743142E-002   3.7238052215170327E-002
   30.000000000000000        2.3027291417232695E-002   5.4464011435989799E-002   5.4440703642319295E-002
   30.000000000000000        2.3142617142399725E-002   5.9350858591118223E-002  0.13405517616267298     
   30.000000000000000        2.3142617142399725E-002   5.9350858591118223E-002  0.14613975618306035     
   30.000000000000000        2.3142617142399725E-002   5.9350858591118223E-002  0.16071890847490980     
   30.000000000000000        2.3142617142399725E-002   5.9350858591118223E-002  0.16071890847490980     
   30.000000000000000        2.3142617142399725E-002   5.9350858591118223E-002  0.16071890847490980     
   30.000000000000000        2.3142617142399725E-002   5.9350858591118223E-002  0.16071890847490980     
   30.000000000000000        2.3142617142399725E-002   5.9350858591118223E-002  0.16071890847490980     
   30.000000000000000        2.3142617142399725E-002   5.9350858591118223E-002  0.16071890847490980     
   40.000000000000000        2.2039155988755308E-002   3.8493587180986208E-002   2.0594456487371033E-002
   40.000000000000000        2.2206615921570194E-002   3.8493587180986208E-002   2.9809467689554569E-002
   40.000000000000000        2.2309959950319820E-002   3.8831225201255141E-002   2.9809467689554569E-002
   40.000000000000000        2.2309959950319820E-002   3.8831225201255141E-002   2.9809467689554569E-002
   40.000000000000000        2.2309959950319820E-002   3.8831225201255141E-002   2.9858301903424464E-002
   40.000000000000000        2.2309959950319820E-002   3.8831225201255141E-002   2.9858301903424464E-002
   40.000000000000000        2.2443528232132550E-002   3.8831225201255141E-002   2.9858301903424464E-002
   40.000000000000000        2.2443528232132550E-002   3.8831225201255141E-002   2.9858301903424464E-002
   40.000000000000000        2.2443528232132550E-002   3.8831225201255141E-002   2.9858301903424464E-002
   40.000000000000000        2.2692937236355380E-002   3.9182950727137164E-002   3.1628897767192021E-002
   40.000000000000000        2.2692937236355380E-002   3.9414182330849173E-002   3.6225657887681374E-002
   40.000000000000000        2.2922723699793549E-002   5.3026688397556261E-002   5.3008970543763100E-002
   40.000000000000000        2.3025994235100194E-002   5.6986051910285239E-002  0.12648551686669507     
   40.000000000000000        2.3025994235100194E-002   5.6986051910285239E-002  0.13660719647623737     
   40.000000000000000        2.3025994235100194E-002   5.6986051910285239E-002  0.15081863424179792     
   40.000000000000000        2.3076202861025106E-002   5.6986051910285239E-002  0.15081863424179792     
   40.000000000000000        2.3076202861025106E-002   5.6986051910285239E-002  0.15081863424179792     
   40.000000000000000        2.3076202861025106E-002   5.6986051910285239E-002  0.15081863424179792     
   40.000000000000000        2.3095780714744239E-002   5.6986051910285239E-002  0.15081863424179792     
   40.000000000000000        2.3095780714744239E-002   5.6986051910285239E-002  0.15081863424179792     
   50.000000000000000        2.2040506495968268E-002   3.8504681701424077E-002   2.0612963035352195E-002
   50.000000000000000        2.2208051961907619E-002   3.8504681701424077E-002   2.9855865632633451E-002
   50.000000000000000        2.2310652695818743E-002   3.8843690746464342E-002   2.9855865632633451E-002
   50.000000000000000        2.2310652695818743E-002   3.8843690746464342E-002   2.9855865632633451E-002
   50.000000000000000        2.2310652695818743E-002   3.8843690746464342E-002   2.9929831821489106E-002
   50.000000000000000        2.2310652695818743E-002   3.8843690746464342E-002   2.9929831821489106E-002
   50.000000000000000        2.2438166966066382E-002   3.8843690746464342E-002   2.9929831821489106E-002
   50.000000000000000        2.2438166966066382E-002   3.8843690746464342E-002   2.9929831821489106E-002
   50.000000000000000        2.2438166966066382E-002   3.8843690746464342E-002   2.9929831821489106E-002
   50.000000000000000        2.2648988680516683E-002   3.8929866321748448E-002   3.0793791354851510E-002
   50.000000000000000        2.2648988680516683E-002   3.9197782254191821E-002   3.5231520333517910E-002
   50.000000000000000        2.2812807308858846E-002   5.1383680028787820E-002   5.1352115992036353E-002
   50.000000000000000        2.2901069208081704E-002   5.4296898010377466E-002  0.11669468066143351     
   50.000000000000000        2.2901069208081704E-002   5.4296898010377466E-002  0.12494969849794992     
   50.000000000000000        2.2901069208081704E-002   5.4296898010377466E-002  0.13848113148190325     
   50.000000000000000        2.3056886345922331E-002   5.4296898010377466E-002  0.13848113148190325     
   50.000000000000000        2.3056886345922331E-002   5.4296898010377466E-002  0.13848113148190325     
   50.000000000000000        2.3056886345922331E-002   5.4296898010377466E-002  0.13848113148190325     
   50.000000000000000        2.3082025137762856E-002   5.4296898010377466E-002  0.13848113148190325     
   50.000000000000000        2.3082025137762856E-002   5.4296898010377466E-002  0.13848113148190325     
   60.000000000000000        2.2041776225314988E-002   3.8515180738747316E-002   2.0629826140210122E-002
   60.000000000000000        2.2209421708169731E-002   3.8515180738747316E-002   2.9900270443225720E-002
   60.000000000000000        2.2311379131146915E-002   3.8855692166036321E-002   2.9900270443225720E-002
   60.000000000000000        2.2311379131146915E-002   3.8855692166036321E-002   2.9900270443225720E-002
   60.000000000000000        2.2311379131146915E-002   3.8855692166036321E-002   3.0001149417301733E-002
   60.000000000000000        2.2311379131146915E-002   3.8855692166036321E-002   3.0001149417301733E-002
   60.000000000000000        2.2433522615889320E-002   3.8855692166036321E-002   3.0001149417301733E-002
   60.000000000000000        2.2433522615889320E-002   3.8855692166036321E-002   3.0038389328477730E-002
   60.000000000000000        2.2433522615889320E-002   3.8855692166036321E-002   3.0038389328477730E-002
   60.000000000000000        2.2608892928503033E-002   3.8855692166036321E-002   3.0054374436725359E-002
   60.000000000000000        2.2608892928503033E-002   3.9181329178411994E-002   3.4378586912335016E-002
   60.000000000000000        2.2708224760055212E-002   4.9642638866270378E-002   4.9537156926119083E-002
   60.000000000000000        2.2780969778012566E-002   5.1490213018074348E-002  0.10487890280740640     
   60.000000000000000        2.2780969778012566E-002   5.1490213018074348E-002  0.11157397200030376     
   60.000000000000000        2.2780969778012566E-002   5.1971769991897482E-002  0.12396657235750169     
   60.000000000000000        2.3020914767567548E-002   5.1971769991897482E-002  0.12396657235750169     
   60.000000000000000        2.3020914767567548E-002   5.1971769991897482E-002  0.12396657235750169     
   60.000000000000000        2.3020914767567548E-002   5.1971769991897482E-002  0.12396657235750169     
   60.000000000000000        2.3050203725547863E-002   5.1971769991897482E-002  0.12396657235750169     
   60.000000000000000        2.3050203725547863E-002   5.1971769991897482E-002  0.12396657235750169     
   70.000000000000000        2.2042811563496786E-002   3.8523819338817600E-002   2.0642660456820307E-002
   70.000000000000000        2.2210557556007246E-002   3.8523819338817600E-002   2.9937501105134136E-002
   70.000000000000000        2.2312041190775803E-002   3.8865774764632398E-002   2.9937501105134136E-002
   70.000000000000000        2.2312041190775803E-002   3.8865774764632398E-002   2.9937501105134136E-002
   70.000000000000000        2.2312041190775803E-002   3.8865774764632398E-002   3.0064137658887768E-002
   70.000000000000000        2.2312041190775803E-002   3.8865774764632398E-002   3.0064137658887768E-002
   70.000000000000000        2.2430049526151172E-002   3.8865774764632398E-002   3.0064137658887768E-002
   70.000000000000000        2.2430049526151172E-002   3.8865774764632398E-002   3.0238158446117019E-002
   70.000000000000000        2.2430049526151172E-002   3.8865774764632398E-002   3.0238158446117019E-002
   70.000000000000000        2.2576247507745579E-002   3.8865774764632398E-002   3.0238158446117019E-002
   70.000000000000000        2.2576247507745579E-002   3.9260307796788109E-002   3.4432282392680591E-002
   70.000000000000000        2.2615971856374439E-002   4.7895265972941685E-002   4.7600559844331862E-002
   70.000000000000000        2.2676784198446546E-002   4.8763755913899261E-002   9.1412918391897177E-002
   70.000000000000000        2.2676784198446546E-002   4.8763755913899261E-002   9.6966744885496101E-002
   70.000000000000000        2.2676784198446546E-002   4.9692387613655346E-002  0.10761559905925532     
   70.000000000000000        2.2968934198625727E-002   4.9692387613655346E-002  0.10761559905925532     
   70.000000000000000        2.2968934198625727E-002   4.9692387613655346E-002  0.10761559905925532     
   70.000000000000000        2.2968934198625727E-002   4.9692387613655346E-002  0.10779543297181979     
   70.000000000000000        2.3000106474750211E-002   4.9692387613655346E-002  0.10779543297181979     
   70.000000000000000        2.3000106474750211E-002   4.9692387613655346E-002  0.10779543297181979     
   80.000000000000000        2.2043485938873987E-002   3.8529536449122742E-002   2.0649479219391264E-002
   80.000000000000000        2.2211312853012175E-002   3.8529536449122742E-002   2.9963150665986704E-002
   80.000000000000000        2.2312522672517841E-002   3.8872636515796845E-002   2.9963150665986704E-002
   80.000000000000000        2.2312522672517841E-002   3.8872636515796845E-002   2.9963150665986704E-002
   80.000000000000000        2.2312522672517841E-002   3.8872636515796845E-002   3.0110962522617000E-002
   80.000000000000000        2.2312522672517841E-002   3.8872636515796845E-002   3.0110962522617000E-002
   80.000000000000000        2.2427897917123879E-002   3.8872636515796845E-002   3.0110962522617000E-002
   80.000000000000000        2.2427897917123879E-002   3.8872636515796845E-002   3.0403236328203360E-002
   80.000000000000000        2.2427897917123879E-002   3.8872636515796845E-002   3.0403236328203360E-002
   80.000000000000000        2.2552689513744274E-002   3.8872636515796845E-002   3.0403236328203360E-002
   80.000000000000000        2.2552689513744274E-002   3.9328636213686700E-002   3.4541327186721558E-002
   80.000000000000000        2.2552689513744274E-002   4.6228061355968436E-002   4.5548035123970300E-002
   80.000000000000000        2.2610394682193512E-002   4.6285978533435627E-002   7.6820456335753504E-002
   80.000000000000000        2.2610394682193512E-002   4.6285978533435627E-002   8.1710795176645271E-002
   80.000000000000000        2.2610394682193512E-002   4.7471491883811827E-002   8.9912413291587515E-002
   80.000000000000000        2.2919574349225098E-002   4.7471491883811827E-002   8.9912413291587515E-002
   80.000000000000000        2.2919574349225098E-002   4.7471491883811827E-002   8.9912413291587515E-002
   80.000000000000000        2.2919574349225098E-002   4.7471491883811827E-002   9.0500876803720029E-002
   80.000000000000000        2.2950044142712199E-002   4.7471491883811827E-002   9.0500876803720029E-002
   80.000000000000000        2.2950044142712199E-002   4.7471491883811827E-002   9.0500876803720029E-002
   90.000000000000000        2.2043715193037446E-002   3.8531608001280492E-002   2.0648954741456702E-002
   90.000000000000000        2.2211580590111302E-002   3.8531608001280492E-002   2.9974126087102117E-002
   90.000000000000000        2.2312707100408571E-002   3.8875298498248181E-002   2.9974126087102117E-002
   90.000000000000000        2.2312707100408571E-002   3.8875298498248181E-002   2.9974126087102117E-002
   90.000000000000000        2.2312707100408571E-002   3.8875298498248181E-002   3.0135099020674107E-002
   90.000000000000000        2.2312707100408571E-002   3.8875298498248181E-002   3.0135099020674107E-002
   90.000000000000000        2.2426921330782990E-002   3.8875298498248181E-002   3.0135099020674107E-002
   90.000000000000000        2.2426921330782990E-002   3.8875298498248181E-002   3.0510140271480770E-002
   90.000000000000000        2.2426921330782990E-002   3.8875298498248181E-002   3.0510140271480770E-002
   90.000000000000000        2.2537876397944429E-002   3.8875298498248181E-002   3.0510140271480770E-002
   90.000000000000000        2.2537876397944429E-002   3.9361454755917742E-002   3.4620409677206851E-002
   90.000000000000000        2.2537876397944429E-002   4.4691609006913401E-002   4.3347345563777832E-002
   90.000000000000000        2.2606681045021969E-002   4.4691609006913401E-002   6.1715716494356504E-002
   90.000000000000000        2.2606681045021969E-002   4.4691609006913401E-002   6.6504390507415731E-002
   90.000000000000000        2.2606681045021969E-002   4.5433881768161655E-002   7.1575716654772720E-002
   90.000000000000000        2.2901411357164485E-002   4.5433881768161655E-002   7.1575716654772720E-002
   90.000000000000000        2.2901411357164485E-002   4.5433881768161655E-002   7.1575716654772720E-002
   90.000000000000000        2.2901411357164485E-002   4.5433881768161655E-002   7.2330613880182193E-002
   90.000000000000000        2.2928925401599316E-002   4.5433881768161655E-002   7.2330613880182193E-002
   90.000000000000000        2.2928925401599316E-002   4.5433881768161655E-002   7.2330613880182193E-002
   100.00000000000000        2.2043468136602851E-002   3.8529740681400769E-002   2.0640608734494838E-002
   100.00000000000000        2.2211308901485666E-002   3.8529740681400769E-002   2.9969050011274343E-002
   100.00000000000000        2.2312501140099545E-002   3.8873250418279985E-002   2.9969050011274343E-002
   100.00000000000000        2.2312501140099545E-002   3.8873250418279985E-002   2.9969050011274343E-002
   100.00000000000000        2.2312501140099545E-002   3.8873250418279985E-002   3.0132366816842497E-002
   100.00000000000000        2.2312501140099545E-002   3.8873250418279985E-002   3.0132366816842497E-002
   100.00000000000000        2.2426753499179348E-002   3.8873250418279985E-002   3.0132366816842497E-002
   100.00000000000000        2.2426753499179348E-002   3.8873250418279985E-002   3.0540278535792262E-002
   100.00000000000000        2.2426753499179348E-002   3.8873250418279985E-002   3.0540278535792262E-002
   100.00000000000000        2.2529912208401729E-002   3.8873250418279985E-002   3.0540278535792262E-002
   100.00000000000000        2.2529912208401729E-002   3.9334796410497933E-002   3.4565519150839823E-002
   100.00000000000000        2.2529912208401729E-002   4.3283672736534259E-002   4.0928916696373246E-002
   100.00000000000000        2.2628249813620955E-002   4.3283672736534259E-002   4.6735023944279495E-002
   100.00000000000000        2.2628249813620955E-002   4.3283672736534259E-002   5.2098847016646001E-002
   100.00000000000000        2.2628249813620955E-002   4.3677688905366274E-002   5.3689471371875332E-002
   100.00000000000000        2.2885926171575508E-002   4.3677688905366274E-002   5.3689471371875332E-002
   100.00000000000000        2.2885926171575508E-002   4.3677688905366274E-002   5.3689471371875332E-002
   100.00000000000000        2.2885926171575508E-002   4.3677688905366274E-002   5.4416044781933078E-002
   100.00000000000000        2.2909027188686697E-002   4.3677688905366274E-002   5.4428696873789692E-002
   100.00000000000000        2.2909027188686697E-002   4.3677688905366274E-002   5.4428696873789692E-002
   110.00000000000000        2.2042770925929222E-002   3.8524114390106189E-002   2.0624903792139822E-002
   110.00000000000000        2.2210510868312990E-002   3.8524114390106189E-002   2.9948468796072610E-002
   110.00000000000000        2.2311858449404996E-002   3.8866547688685568E-002   2.9948468796072610E-002
   110.00000000000000        2.2311858449404996E-002   3.8866547688685568E-002   2.9948468796072610E-002
   110.00000000000000        2.2311858449404996E-002   3.8866547688685568E-002   3.0101788207189693E-002
   110.00000000000000        2.2311858449404996E-002   3.8866547688685568E-002   3.0101788207189693E-002
   110.00000000000000        2.2426930982349408E-002   3.8866547688685568E-002   3.0101788207189693E-002
   110.00000000000000        2.2426930982349408E-002   3.8866547688685568E-002   3.0484028461222140E-002
   110.00000000000000        2.2426930982349408E-002   3.8866547688685568E-002   3.0484028461222140E-002
   110.00000000000000        2.2526078708310394E-002   3.8866547688685568E-002   3.0484028461222140E-002
   110.00000000000000        2.2526078708310394E-002   3.9232205132795454E-002   3.4277355826570849E-002
   110.00000000000000        2.2526078708310394E-002   4.2104039068059554E-002   3.8230801088571346E-002
   110.00000000000000        2.2674201235666738E-002   4.2104039068059554E-002   3.8230801088571346E-002
   110.00000000000000        2.2674201235666738E-002   4.2104039068059554E-002   3.9500123233062477E-002
   110.00000000000000        2.2674201235666738E-002   4.2262358478575929E-002   3.9500123233062477E-002
   110.00000000000000        2.2883559545133773E-002   4.2262358478575929E-002   3.9500123233062477E-002
   110.00000000000000        2.2883559545133773E-002   4.2262358478575929E-002   3.9500123233062477E-002
   110.00000000000000        2.2883559545133773E-002   4.2262358478575929E-002   3.9500123233062477E-002
   110.00000000000000        2.2901744356583157E-002   4.2262358478575929E-002   3.9500123233062477E-002
   110.00000000000000        2.2901744356583157E-002   4.2262358478575929E-002   3.9500123233062477E-002
   120.00000000000000        2.2041704549458554E-002   3.8515371375259372E-002   2.0603221147560091E-002
   120.00000000000000        2.2209266527963820E-002   3.8515371375259372E-002   2.9914833858845913E-002
   120.00000000000000        2.2310797888378718E-002   3.8855844280094747E-002   2.9914833858845913E-002
   120.00000000000000        2.2310797888378718E-002   3.8855844280094747E-002   2.9914833858845913E-002
   120.00000000000000        2.2310797888378718E-002   3.8855844280094747E-002   3.0046077177909702E-002
   120.00000000000000        2.2310797888378718E-002   3.8855844280094747E-002   3.0046077177909702E-002
   120.00000000000000        2.2427027319567135E-002   3.8855844280094747E-002   3.0046077177909702E-002
   120.00000000000000        2.2427027319567135E-002   3.8855844280094747E-002   3.0343872372132440E-002
   120.00000000000000        2.2427027319567135E-002   3.8855844280094747E-002   3.0343872372132440E-002
   120.00000000000000        2.2523663790311788E-002   3.8855844280094747E-002   3.0343872372132440E-002
   120.00000000000000        2.2523663790311788E-002   3.9050313194937583E-002   3.3704020677540365E-002
   120.00000000000000        2.2523663790311788E-002   4.1121497907055618E-002   3.5250574654934287E-002
   120.00000000000000        2.2740355126334256E-002   4.1121497907055618E-002   3.5250574654934287E-002
   120.00000000000000        2.2740355126334256E-002   4.1121497907055618E-002   3.5250574654934287E-002
   120.00000000000000        2.2740355126334256E-002   4.1204117870433293E-002   3.5250574654934287E-002
   120.00000000000000        2.2901049683598136E-002   4.1204117870433293E-002   3.5250574654934287E-002
   120.00000000000000        2.2901049683598136E-002   4.1204117870433293E-002   3.5250574654934287E-002
   120.00000000000000        2.2901049683598136E-002   4.1204117870433293E-002   3.5250574654934287E-002
   120.00000000000000        2.2914655630960939E-002   4.1204117870433293E-002   3.5250574654934287E-002
   120.00000000000000        2.2914655630960939E-002   4.1204117870433293E-002   3.5250574654934287E-002
   130.00000000000000        2.2040395564031742E-002   3.8504545554342830E-002   2.0577726570429236E-002
   130.00000000000000        2.2207715920373551E-002   3.8504545554342830E-002   2.9872249985544438E-002
   130.00000000000000        2.2309410694387469E-002   3.8842342261865261E-002   2.9872249985544438E-002
   130.00000000000000        2.2309410694387469E-002   3.8842342261865261E-002   2.9872249985544438E-002
   130.00000000000000        2.2309410694387469E-002   3.8842342261865261E-002   2.9971606347140977E-002
   130.00000000000000        2.2309410694387469E-002   3.8842342261865261E-002   2.9971606347140977E-002
   130.00000000000000        2.2426763212743367E-002   3.8842342261865261E-002   2.9971606347140977E-002
   130.00000000000000        2.2426763212743367E-002   3.8842342261865261E-002   3.0135690530399290E-002
   130.00000000000000        2.2426763212743367E-002   3.8842342261865261E-002   3.0135690530399290E-002
   130.00000000000000        2.2520668866384777E-002   3.8842342261865261E-002   3.0135690530399290E-002
   130.00000000000000        2.2520668866384777E-002   3.8842342261865261E-002   3.2865503471511466E-002
   130.00000000000000        2.2520668866384777E-002   4.0223310679867168E-002   3.2865503471511466E-002
   130.00000000000000        2.2819707128909888E-002   4.0223310679867168E-002   3.2865503471511466E-002
   130.00000000000000        2.2819707128909888E-002   4.0223310679867168E-002   3.2865503471511466E-002
   130.00000000000000        2.2819707128909888E-002   4.0479071147881976E-002   3.2865503471511466E-002
   130.00000000000000        2.2939550646044280E-002   4.0479071147881976E-002   3.2865503471511466E-002
   130.00000000000000        2.2939550646044280E-002   4.0479071147881976E-002   3.2865503471511466E-002
   130.00000000000000        2.2939550646044280E-002   4.0479071147881976E-002   3.2865503471511466E-002
   130.00000000000000        2.2949477713694912E-002   4.0479071147881976E-002   3.2865503471511466E-002
   130.00000000000000        2.2949477713694912E-002   4.0479071147881976E-002   3.2865503471511466E-002
   140.00000000000000        2.2039001080614819E-002   3.8492940553093137E-002   2.0551135116174395E-002
   140.00000000000000        2.2206043355458310E-002   3.8492940553093137E-002   2.9826005608644682E-002
   140.00000000000000        2.2307853443396423E-002   3.8827658525209870E-002   2.9826005608644682E-002
   140.00000000000000        2.2307853443396423E-002   3.8827658525209870E-002   2.9826005608644682E-002
   140.00000000000000        2.2307853443396423E-002   3.8827658525209870E-002   2.9887771349674932E-002
   140.00000000000000        2.2307853443396423E-002   3.8827658525209870E-002   2.9887771349674932E-002
   140.00000000000000        2.2426065289707212E-002   3.8827658525209870E-002   2.9887771349674932E-002
   140.00000000000000        2.2426065289707212E-002   3.8827658525209870E-002   2.9887771349674932E-002
   140.00000000000000        2.2426065289707212E-002   3.8827658525209870E-002   2.9887771349674932E-002
   140.00000000000000        2.2516223100394289E-002   3.8827658525209870E-002   2.9887771349674932E-002
   140.00000000000000        2.2516223100394289E-002   3.8827658525209870E-002   3.1855973413148254E-002
   140.00000000000000        2.2516223100394289E-002   3.9426268502388957E-002   3.1855990978091726E-002
   140.00000000000000        2.2903320366267552E-002   3.9932866581509893E-002   3.2318474870662563E-002
   140.00000000000000        2.2903320366267552E-002   3.9932866581509893E-002   3.2318474870662563E-002
   140.00000000000000        2.2903320366267552E-002   4.0032629276378427E-002   3.2318474870662563E-002
   140.00000000000000        2.2994259323549357E-002   4.0032629276378427E-002   3.2973696419764643E-002
   140.00000000000000        2.2994259323549357E-002   4.0092560994576934E-002   3.2973696419764643E-002
   140.00000000000000        2.2994259323549357E-002   4.0092560994576934E-002   3.2973696419764643E-002
   140.00000000000000        2.3001637954314091E-002   4.0092560994576934E-002   3.2973696419764643E-002
   140.00000000000000        2.3001637954314091E-002   4.0092560994576934E-002   3.2973696419764643E-002
   150.00000000000000        2.2037689749963667E-002   3.8481970991471631E-002   2.0526394794667804E-002
   150.00000000000000        2.2204454525305090E-002   3.8481970991471631E-002   2.9781927047472241E-002
   150.00000000000000        2.2306326745871314E-002   3.8813622410426518E-002   2.9781927047472241E-002
   150.00000000000000        2.2306326745871314E-002   3.8813622410426518E-002   2.9781927047472241E-002
   150.00000000000000        2.2306326745871314E-002   3.8813622410426518E-002   2.9805781210912478E-002
   150.00000000000000        2.2306326745871314E-002   3.8813622410426518E-002   2.9805781210912478E-002
   150.00000000000000        2.2425061078802374E-002   3.8813622410426518E-002   2.9805781210912478E-002
   150.00000000000000        2.2425061078802374E-002   3.8813622410426518E-002   2.9805781210912478E-002
   150.00000000000000        2.2425061078802374E-002   3.8813622410426518E-002   2.9805781210912478E-002
   150.00000000000000        2.2510621556722205E-002   3.8813622410426518E-002   2.9805781210912478E-002
   150.00000000000000        2.2510621556722205E-002   3.8813622410426518E-002   3.0778766235007856E-002
   150.00000000000000        2.2510621556722205E-002   3.8813622410426518E-002   3.0826409191302993E-002
   150.00000000000000        2.2981499359222297E-002   3.9965277020601216E-002   3.6308046901969183E-002
   150.00000000000000        2.2981499359222297E-002   4.0338817796513403E-002   3.6308046901969183E-002
   150.00000000000000        2.2981499359222297E-002   4.0338817796513403E-002   3.6308046901969183E-002
   150.00000000000000        2.3055590647047517E-002   4.0396906301495859E-002   3.6308046901969183E-002
   150.00000000000000        2.3055590647047517E-002   4.0823148300066940E-002   3.6308046901969183E-002
   150.00000000000000        2.3055590647047517E-002   4.0823148300066940E-002   3.6718776535934576E-002
   150.00000000000000        2.3061482097729298E-002   4.0823148300066940E-002   3.6718776535934576E-002
   150.00000000000000        2.3061482097729298E-002   4.0823148300066940E-002   3.6718776535934576E-002
   160.00000000000000        2.2036621060323530E-002   3.8472985991610920E-002   2.0506324187239845E-002
   160.00000000000000        2.2203149436539622E-002   3.8472985991610920E-002   2.9745632774479187E-002
   160.00000000000000        2.2305043054340161E-002   3.8802030189768362E-002   2.9745632774479187E-002
   160.00000000000000        2.2305043054340161E-002   3.8802030189768362E-002   2.9745632774479187E-002
   160.00000000000000        2.2305043054340161E-002   3.8802030189768362E-002   2.9745632774479187E-002
   160.00000000000000        2.2305043054340161E-002   3.8802030189768362E-002   2.9745632774479187E-002
   160.00000000000000        2.2424015750588069E-002   3.8802030189768362E-002   2.9745632774479187E-002
   160.00000000000000        2.2424015750588069E-002   3.8802030189768362E-002   2.9745632774479187E-002
   160.00000000000000        2.2424015750588069E-002   3.8802030189768362E-002   2.9745632774479187E-002
   160.00000000000000        2.2505012020923115E-002   3.8802030189768362E-002   2.9745632774479187E-002
   160.00000000000000        2.2505012020923115E-002   3.8802030189768362E-002   2.9792363189578074E-002
   160.00000000000000        2.2505012020923115E-002   3.8802030189768362E-002   2.9947827170835845E-002
   160.00000000000000        2.3045054609894502E-002   4.0510655430361406E-002   3.9036982427693358E-002
   160.00000000000000        2.3045054609894502E-002   4.0898688782084129E-002   3.9036982427693358E-002
   160.00000000000000        2.3045054609894502E-002   4.0898688782084129E-002   4.2285381991065192E-002
   160.00000000000000        2.3111544732941927E-002   4.1144659656062094E-002   4.2285381991065192E-002
   160.00000000000000        2.3111544732941927E-002   4.1608544543726769E-002   4.2285381991065192E-002
   160.00000000000000        2.3111544732941927E-002   4.1608544543726769E-002   4.3075592837824410E-002
   160.00000000000000        2.3116740405594877E-002   4.1608544543726769E-002   4.3075592837824410E-002
   160.00000000000000        2.3116740405594877E-002   4.1608544543726769E-002   4.3075592837824410E-002
   170.00000000000000        2.2035925543048049E-002   3.8467097636280909E-002   2.0493252338230274E-002
   170.00000000000000        2.2202295052917913E-002   3.8467097636280909E-002   2.9721789881549832E-002
   170.00000000000000        2.2304189729998550E-002   3.8794392760406762E-002   2.9721789881549832E-002
   170.00000000000000        2.2304189729998550E-002   3.8794392760406762E-002   2.9721789881549832E-002
   170.00000000000000        2.2304189729998550E-002   3.8794392760406762E-002   2.9721789881549832E-002
   170.00000000000000        2.2304189729998550E-002   3.8794392760406762E-002   2.9721789881549832E-002
   170.00000000000000        2.2423232129199840E-002   3.8794392760406762E-002   2.9721789881549832E-002
   170.00000000000000        2.2423232129199840E-002   3.8794392760406762E-002   2.9721789881549832E-002
   170.00000000000000        2.2423232129199840E-002   3.8794392760406762E-002   2.9721789881549832E-002
   170.00000000000000        2.2500852269522777E-002   3.8794392760406762E-002   2.9721789881549832E-002
   170.00000000000000        2.2500852269522777E-002   3.8794392760406762E-002   2.9721789881549832E-002
   170.00000000000000        2.2500852269522777E-002   3.8794392760406762E-002   2.9721789881549832E-002
   170.00000000000000        2.3086473518137453E-002   4.0877998110268036E-002   4.0950418808379824E-002
   170.00000000000000        2.3086473518137453E-002   4.1301629783385814E-002   4.0950418808379824E-002
   170.00000000000000        2.3086473518137453E-002   4.1301629783385814E-002   4.6009476131280667E-002
   170.00000000000000        2.3150636041595972E-002   4.1676943181437637E-002   4.6009476131280667E-002
   170.00000000000000        2.3150636041595972E-002   4.2163700527958314E-002   4.6009476131280667E-002
   170.00000000000000        2.3150636041595972E-002   4.2163700527958314E-002   4.7066308502517321E-002
   170.00000000000000        2.3155592693657398E-002   4.2163700527958314E-002   4.7066308502517321E-002
   170.00000000000000        2.3155592693657398E-002   4.2163700527958314E-002   4.7066308502517321E-002
   180.00000000000000        2.2035688431535687E-002   3.8465037620416184E-002   2.0488713321934953E-002
   180.00000000000000        2.2202001860694907E-002   3.8465037620416184E-002   2.9713482242517054E-002
   180.00000000000000        2.2303894971486996E-002   3.8791716932856393E-002   2.9713482242517054E-002
   180.00000000000000        2.2303894971486996E-002   3.8791716932856393E-002   2.9713482242517054E-002
   180.00000000000000        2.2303894971486996E-002   3.8791716932856393E-002   2.9713482242517054E-002
   180.00000000000000        2.2303894971486996E-002   3.8791716932856393E-002   2.9713482242517054E-002
   180.00000000000000        2.2422945117118034E-002   3.8791716932856393E-002   2.9713482242517054E-002
   180.00000000000000        2.2422945117118034E-002   3.8791716932856393E-002   2.9713482242517054E-002
   180.00000000000000        2.2422945117118034E-002   3.8791716932856393E-002   2.9713482242517054E-002
   180.00000000000000        2.2499319684957986E-002   3.8791716932856393E-002   2.9713482242517054E-002
   180.00000000000000        2.2499319684957986E-002   3.8791716932856393E-002   2.9713482242517054E-002
   180.00000000000000        2.2499319684957986E-002   3.8791716932856393E-002   2.9713482242517054E-002
   180.00000000000000        2.3100851426623766E-002   4.1007347122571876E-002   4.1648887670084095E-002
   180.00000000000000        2.3100851426623766E-002   4.1447663509310492E-002   4.1648887670084095E-002
   180.00000000000000        2.3100851426623766E-002   4.1447663509310492E-002   4.7270440857389330E-002
   180.00000000000000        2.3164659428307411E-002   4.1869032670143948E-002   4.7270440857389330E-002
   180.00000000000000        2.3164659428307411E-002   4.2363455828148114E-002   4.7270440857389330E-002
   180.00000000000000        2.3164659428307411E-002   4.2363455828148114E-002   4.8433691337313435E-002
   180.00000000000000        2.3169568550638564E-002   4.2363455828148114E-002   4.8433691337313435E-002
   180.00000000000000        2.3169568550638564E-002   4.2363455828148114E-002   4.8433691337313435E-002
   190.00000000000000        2.2035938913503396E-002   3.8467062079646584E-002   2.0493241736877044E-002
   190.00000000000000        2.2202308084784107E-002   3.8467062079646584E-002   2.9721786895384055E-002
   190.00000000000000        2.2304203877103031E-002   3.8794356963833786E-002   2.9721786895384055E-002
   190.00000000000000        2.2304203877103031E-002   3.8794356963833786E-002   2.9721786895384055E-002
   190.00000000000000        2.2304203877103031E-002   3.8794356963833786E-002   2.9721786895384055E-002
   190.00000000000000        2.2304203877103031E-002   3.8794356963833786E-002   2.9721786895384055E-002
   190.00000000000000        2.2423242433086646E-002   3.8794356963833786E-002   2.9721786895384055E-002
   190.00000000000000        2.2423242433086646E-002   3.8794356963833786E-002   2.9721786895384055E-002
   190.00000000000000        2.2423242433086646E-002   3.8794356963833786E-002   2.9721786895384055E-002
   190.00000000000000        2.2500862078095447E-002   3.8794356963833786E-002   2.9721786895384055E-002
   190.00000000000000        2.2500862078095447E-002   3.8794356963833786E-002   2.9721786895384055E-002
   190.00000000000000        2.2500862078095447E-002   3.8794356963833786E-002   2.9721786895384055E-002
   190.00000000000000        2.3086485218751077E-002   4.0877959589187059E-002   4.0950418779299447E-002
   190.00000000000000        2.3086485218751077E-002   4.1301589935546987E-002   4.0950418779299447E-002
   190.00000000000000        2.3086485218751077E-002   4.1301589935546987E-002   4.6009478720021438E-002
   190.00000000000000        2.3150645009865415E-002   4.1676899986957776E-002   4.6009478720021438E-002
   190.00000000000000        2.3150645009865415E-002   4.2163656081142510E-002   4.6009478720021438E-002
   190.00000000000000        2.3150645009865415E-002   4.2163656081142510E-002   4.7066310590437567E-002
   190.00000000000000        2.3155598260654813E-002   4.2163656081142510E-002   4.7066310590437567E-002
   190.00000000000000        2.3155598260654813E-002   4.2163656081142510E-002   4.7066310590437567E-002
   200.00000000000000        2.2036646413530873E-002   3.8472918126982253E-002   2.0506300628193155E-002
   200.00000000000000        2.2203174151196565E-002   3.8472918126982253E-002   2.9745624725691189E-002
   200.00000000000000        2.2305069871454773E-002   3.8801961867390225E-002   2.9745624725691189E-002
   200.00000000000000        2.2305069871454773E-002   3.8801961867390225E-002   2.9745624725691189E-002
   200.00000000000000        2.2305069871454773E-002   3.8801961867390225E-002   2.9745624725691189E-002
   200.00000000000000        2.2305069871454773E-002   3.8801961867390225E-002   2.9745624725691189E-002
   200.00000000000000        2.2424035313850954E-002   3.8801961867390225E-002   2.9745624725691189E-002
   200.00000000000000        2.2424035313850954E-002   3.8801961867390225E-002   2.9745624725691189E-002
   200.00000000000000        2.2424035313850954E-002   3.8801961867390225E-002   2.9745624725691189E-002
   200.00000000000000        2.2505030643574193E-002   3.8801961867390225E-002   2.9745624725691189E-002
   200.00000000000000        2.2505030643574193E-002   3.8801961867390225E-002   2.9792352317910525E-002
   200.00000000000000        2.2505030643574193E-002   3.8801961867390225E-002   2.9947819392896226E-002
   200.00000000000000        2.3045076643953385E-002   4.0510582110685416E-002   3.9036979951233813E-002
   200.00000000000000        2.3045076643953385E-002   4.0898613090709079E-002   3.9036979951233813E-002
   200.00000000000000        2.3045076643953385E-002   4.0898613090709079E-002   4.2285383602279673E-002
   200.00000000000000        2.3111561542786110E-002   4.1144577268061394E-002   4.2285383602279673E-002
   200.00000000000000        2.3111561542786110E-002   4.1608460260225986E-002   4.2285383602279673E-002
   200.00000000000000        2.3111561542786110E-002   4.1608460260225986E-002   4.3075594389268078E-002
   200.00000000000000        2.3116750794361794E-002   4.1608460260225986E-002   4.3075594389268078E-002
   200.00000000000000        2.3116750794361794E-002   4.1608460260225986E-002   4.3075594389268078E-002
   210.00000000000000        2.2037724406373162E-002   3.8481876907278875E-002   2.0526353034247862E-002
   210.00000000000000        2.2204488317141509E-002   3.8481876907278875E-002   2.9781908868936238E-002
   210.00000000000000        2.2306363387125536E-002   3.8813527693995313E-002   2.9781908868936238E-002
   210.00000000000000        2.2306363387125536E-002   3.8813527693995313E-002   2.9781908868936238E-002
   210.00000000000000        2.2306363387125536E-002   3.8813527693995313E-002   2.9805761049496483E-002
   210.00000000000000        2.2306363387125536E-002   3.8813527693995313E-002   2.9805761049496483E-002
   210.00000000000000        2.2425087880208673E-002   3.8813527693995313E-002   2.9805761049496483E-002
   210.00000000000000        2.2425087880208673E-002   3.8813527693995313E-002   2.9805761049496483E-002
   210.00000000000000        2.2425087880208673E-002   3.8813527693995313E-002   2.9805761049496483E-002
   210.00000000000000        2.2510647067976525E-002   3.8813527693995313E-002   2.9805761049496483E-002
   210.00000000000000        2.2510647067976525E-002   3.8813527693995313E-002   3.0778744348794712E-002
   210.00000000000000        2.2510647067976525E-002   3.8813527693995313E-002   3.0826390408286389E-002
   210.00000000000000        2.2981529150830578E-002   3.9965175986481638E-002   3.6308033868580822E-002
   210.00000000000000        2.2981529150830578E-002   4.0338713993145134E-002   3.6308033868580822E-002
   210.00000000000000        2.2981529150830578E-002   4.0338713993145134E-002   3.6308033868580822E-002
   210.00000000000000        2.3055613215222936E-002   4.0396792534680669E-002   3.6308033868580822E-002
   210.00000000000000        2.3055613215222936E-002   4.0823033026386166E-002   3.6308033868580822E-002
   210.00000000000000        2.3055613215222936E-002   4.0823033026386166E-002   3.6718767351175581E-002
   210.00000000000000        2.3061495978995764E-002   4.0823033026386166E-002   3.6718767351175581E-002
   210.00000000000000        2.3061495978995764E-002   4.0823033026386166E-002   3.6718767351175581E-002
   220.00000000000000        2.2039041270793473E-002   3.8492828452155591E-002   2.0551066142467281E-002
   220.00000000000000        2.2206082553496105E-002   3.8492828452155591E-002   2.9825967464564822E-002
   220.00000000000000        2.2307895909732339E-002   3.8827545682531592E-002   2.9825967464564822E-002
   220.00000000000000        2.2307895909732339E-002   3.8827545682531592E-002   2.9825967464564822E-002
   220.00000000000000        2.2307895909732339E-002   3.8827545682531592E-002   2.9887730379817658E-002
   220.00000000000000        2.2307895909732339E-002   3.8827545682531592E-002   2.9887730379817658E-002
   220.00000000000000        2.2426096461792402E-002   3.8827545682531592E-002   2.9887730379817658E-002
   220.00000000000000        2.2426096461792402E-002   3.8827545682531592E-002   2.9887730379817658E-002
   220.00000000000000        2.2426096461792402E-002   3.8827545682531592E-002   2.9887730379817658E-002
   220.00000000000000        2.2516252772750801E-002   3.8827545682531592E-002   2.9887730379817658E-002
   220.00000000000000        2.2516252772750801E-002   3.8827545682531592E-002   3.1855932661708518E-002
   220.00000000000000        2.2516252772750801E-002   3.9426152707456003E-002   3.1855950321765407E-002
   220.00000000000000        2.2903354431602366E-002   3.9932744612932246E-002   3.2318435337249631E-002
   220.00000000000000        2.2903354431602366E-002   3.9932744612932246E-002   3.2318435337249631E-002
   220.00000000000000        2.2903354431602366E-002   4.0032502369393999E-002   3.2318435337249631E-002
   220.00000000000000        2.2994284909213396E-002   4.0032502369393999E-002   3.2973649391041915E-002
   220.00000000000000        2.2994284909213396E-002   4.0092422142178445E-002   3.2973649391041915E-002
   220.00000000000000        2.2994284909213396E-002   4.0092422142178445E-002   3.2973649391041915E-002
   220.00000000000000        2.3001653582685692E-002   4.0092422142178445E-002   3.2973649391041915E-002
   220.00000000000000        2.3001653582685692E-002   4.0092422142178445E-002   3.2973649391041915E-002
   230.00000000000000        2.2040436754235039E-002   3.8504424872302052E-002   2.0577617028138286E-002
   230.00000000000000        2.2207756105031218E-002   3.8504424872302052E-002   2.9872175176889317E-002
   230.00000000000000        2.2309454184542478E-002   3.8842220812332427E-002   2.9872175176889317E-002
   230.00000000000000        2.2309454184542478E-002   3.8842220812332427E-002   2.9872175176889317E-002
   230.00000000000000        2.2309454184542478E-002   3.8842220812332427E-002   2.9971527791196023E-002
   230.00000000000000        2.2309454184542478E-002   3.8842220812332427E-002   2.9971527791196023E-002
   230.00000000000000        2.2426795272449045E-002   3.8842220812332427E-002   2.9971527791196023E-002
   230.00000000000000        2.2426795272449045E-002   3.8842220812332427E-002   3.0135611903696926E-002
   230.00000000000000        2.2426795272449045E-002   3.8842220812332427E-002   3.0135611903696926E-002
   230.00000000000000        2.2520699384273209E-002   3.8842220812332427E-002   3.0135611903696926E-002
   230.00000000000000        2.2520699384273209E-002   3.8842220812332427E-002   3.2865424322571904E-002
   230.00000000000000        2.2520699384273209E-002   4.0223186435483275E-002   3.2865424322571904E-002
   230.00000000000000        2.2819741486457351E-002   4.0223186435483275E-002   3.2865424322571904E-002
   230.00000000000000        2.2819741486457351E-002   4.0223186435483275E-002   3.2865424322571904E-002
   230.00000000000000        2.2819741486457351E-002   4.0478937993926316E-002   3.2865424322571904E-002
   230.00000000000000        2.2939576243021561E-002   4.0478937993926316E-002   3.2865424322571904E-002
   230.00000000000000        2.2939576243021561E-002   4.0478937993926316E-002   3.2865424322571904E-002
   230.00000000000000        2.2939576243021561E-002   4.0478937993926316E-002   3.2865424322571904E-002
   230.00000000000000        2.2949493310609546E-002   4.0478937993926316E-002   3.2865424322571904E-002
   230.00000000000000        2.2949493310609546E-002   4.0478937993926316E-002   3.2865424322571904E-002
   240.00000000000000        2.2041741891140970E-002   3.8515251917354686E-002   2.0603054613875287E-002
   240.00000000000000        2.2209302965523092E-002   3.8515251917354686E-002   2.9914698281088042E-002
   240.00000000000000        2.2310837276330247E-002   3.8855724125349024E-002   2.9914698281088042E-002
   240.00000000000000        2.2310837276330247E-002   3.8855724125349024E-002   2.9914698281088042E-002
   240.00000000000000        2.2310837276330247E-002   3.8855724125349024E-002   3.0045936966720754E-002
   240.00000000000000        2.2310837276330247E-002   3.8855724125349024E-002   3.0045936966720754E-002
   240.00000000000000        2.2427056505549162E-002   3.8855724125349024E-002   3.0045936966720754E-002
   240.00000000000000        2.2427056505549162E-002   3.8855724125349024E-002   3.0343731288585994E-002
   240.00000000000000        2.2427056505549162E-002   3.8855724125349024E-002   3.0343731288585994E-002
   240.00000000000000        2.2523691566890946E-002   3.8855724125349024E-002   3.0343731288585994E-002
   240.00000000000000        2.2523691566890946E-002   3.9050191699407710E-002   3.3703881637740955E-002
   240.00000000000000        2.2523691566890946E-002   4.1121375986150184E-002   3.5250467474518390E-002
   240.00000000000000        2.2740385779534376E-002   4.1121375986150184E-002   3.5250467474518390E-002
   240.00000000000000        2.2740385779534376E-002   4.1121375986150184E-002   3.5250467474518390E-002
   240.00000000000000        2.2740385779534376E-002   4.1203992155424321E-002   3.5250467474518390E-002
   240.00000000000000        2.2901072355518273E-002   4.1203992155424321E-002   3.5250467474518390E-002
   240.00000000000000        2.2901072355518273E-002   4.1203992155424321E-002   3.5250467474518390E-002
   240.00000000000000        2.2901072355518273E-002   4.1203992155424321E-002   3.5250467474518390E-002
   240.00000000000000        2.2914669443380453E-002   4.1203992155424321E-002   3.5250467474518390E-002
   240.00000000000000        2.2914669443380453E-002   4.1203992155424321E-002   3.5250467474518390E-002
   250.00000000000000        2.2042799803892864E-002   3.8524005623025839E-002   2.0624666051534190E-002
   250.00000000000000        2.2210539046844609E-002   3.8524005623025839E-002   2.9948245392297318E-002
   250.00000000000000        2.2311888864732288E-002   3.8866438391901133E-002   2.9948245392297318E-002
   250.00000000000000        2.2311888864732288E-002   3.8866438391901133E-002   2.9948245392297318E-002
   250.00000000000000        2.2311888864732288E-002   3.8866438391901133E-002   3.0101559544354829E-002
   250.00000000000000        2.2311888864732288E-002   3.8866438391901133E-002   3.0101559544354829E-002
   250.00000000000000        2.2426953675270544E-002   3.8866438391901133E-002   3.0101559544354829E-002
   250.00000000000000        2.2426953675270544E-002   3.8866438391901133E-002   3.0483798054378342E-002
   250.00000000000000        2.2426953675270544E-002   3.8866438391901133E-002   3.0483798054378342E-002
   250.00000000000000        2.2526100276489498E-002   3.8866438391901133E-002   3.0483798054378342E-002
   250.00000000000000        2.2526100276489498E-002   3.9232096892028397E-002   3.4277135344983320E-002
   250.00000000000000        2.2526100276489498E-002   4.2103930311280235E-002   3.8230690470355072E-002
   250.00000000000000        2.2674224632550703E-002   4.2103930311280235E-002   3.8230690470355072E-002
   250.00000000000000        2.2674224632550703E-002   4.2103930311280235E-002   3.9500330144992359E-002
   250.00000000000000        2.2674224632550703E-002   4.2262253821743451E-002   3.9500330144992359E-002
   250.00000000000000        2.2883576748037725E-002   4.2262253821743451E-002   3.9500330144992359E-002
   250.00000000000000        2.2883576748037725E-002   4.2262253821743451E-002   3.9500330144992359E-002
   250.00000000000000        2.2883576748037725E-002   4.2262253821743451E-002   3.9500330144992359E-002
   250.00000000000000        2.2901754949777083E-002   4.2262253821743451E-002   3.9500330144992359E-002
   250.00000000000000        2.2901754949777083E-002   4.2262253821743451E-002   3.9500330144992359E-002
   260.00000000000000        2.2043484754116275E-002   3.8529651049105884E-002   2.0640297465806413E-002
   260.00000000000000        2.2211325104032474E-002   3.8529651049105884E-002   2.9968720827468678E-002
   260.00000000000000        2.2312518582687620E-002   3.8873160498414043E-002   2.9968720827468678E-002
   260.00000000000000        2.2312518582687620E-002   3.8873160498414043E-002   2.9968720827468678E-002
   260.00000000000000        2.2312518582687620E-002   3.8873160498414043E-002   3.0132032305545339E-002
   260.00000000000000        2.2312518582687620E-002   3.8873160498414043E-002   3.0132032305545339E-002
   260.00000000000000        2.2426766686868056E-002   3.8873160498414043E-002   3.0132032305545339E-002
   260.00000000000000        2.2426766686868056E-002   3.8873160498414043E-002   3.0539941519226444E-002
   260.00000000000000        2.2426766686868056E-002   3.8873160498414043E-002   3.0539941519226444E-002
   260.00000000000000        2.2529924655008884E-002   3.8873160498414043E-002   3.0539941519226444E-002
   260.00000000000000        2.2529924655008884E-002   3.9334710716606859E-002   3.4565205841922124E-002
   260.00000000000000        2.2529924655008884E-002   4.3283592899895668E-002   4.0928839861274720E-002
   260.00000000000000        2.2628263269964897E-002   4.3283592899895668E-002   4.6735329626408195E-002
   260.00000000000000        2.2628263269964897E-002   4.3283592899895668E-002   5.2099378173770271E-002
   260.00000000000000        2.2628263269964897E-002   4.3677617230975921E-002   5.3690138855427401E-002
   260.00000000000000        2.2885935961596830E-002   4.3677617230975921E-002   5.3690138855427401E-002
   260.00000000000000        2.2885935961596830E-002   4.3677617230975921E-002   5.3690138855427401E-002
   260.00000000000000        2.2885935961596830E-002   4.3677617230975921E-002   5.4416712839440648E-002
   260.00000000000000        2.2909033449019574E-002   4.3677617230975921E-002   5.4429374255884948E-002
   260.00000000000000        2.2909033449019574E-002   4.3677617230975921E-002   5.4429374255884948E-002
   270.00000000000000        2.2043717106698533E-002   3.8531543544444054E-002   2.0648588576817020E-002
   270.00000000000000        2.2211582420826333E-002   3.8531543544444054E-002   2.9973697882476589E-002
   270.00000000000000        2.2312709002020502E-002   3.8875234031840497E-002   2.9973697882476589E-002
   270.00000000000000        2.2312709002020502E-002   3.8875234031840497E-002   2.9973697882476589E-002
   270.00000000000000        2.2312709002020502E-002   3.8875234031840497E-002   3.0134666197247455E-002
   270.00000000000000        2.2312709002020502E-002   3.8875234031840497E-002   3.0134666197247455E-002
   270.00000000000000        2.2426923042276139E-002   3.8875234031840497E-002   3.0134666197247455E-002
   270.00000000000000        2.2426923042276139E-002   3.8875234031840497E-002   3.0509704476261442E-002
   270.00000000000000        2.2426923042276139E-002   3.8875234031840497E-002   3.0509704476261442E-002
   270.00000000000000        2.2537877778151517E-002   3.8875234031840497E-002   3.0509704476261442E-002
   270.00000000000000        2.2537877778151517E-002   3.9361397688441831E-002   3.4620013546103549E-002
   270.00000000000000        2.2537877778151517E-002   4.4691561711037310E-002   4.3347346035723280E-002
   270.00000000000000        2.2606683038042943E-002   4.4691561711037310E-002   6.1716214686584663E-002
   270.00000000000000        2.2606683038042943E-002   4.4691561711037310E-002   6.6505325383462072E-002
   270.00000000000000        2.2606683038042943E-002   4.5433850571765903E-002   7.1576784444320252E-002
   270.00000000000000        2.2901412553973034E-002   4.5433850571765903E-002   7.1576784444320252E-002
   270.00000000000000        2.2901412553973034E-002   4.5433850571765903E-002   7.1576784444320252E-002
   270.00000000000000        2.2901412553973034E-002   4.5433850571765903E-002   7.2331695981530233E-002
   270.00000000000000        2.2928926659824465E-002   4.5433850571765903E-002   7.2331695981530233E-002
   270.00000000000000        2.2928926659824465E-002   4.5433850571765903E-002   7.2331695981530233E-002
   280.00000000000000        2.2043472455447726E-002   3.8529499085965480E-002   2.0649096777340253E-002
   280.00000000000000        2.2211299625898798E-002   3.8529499085965480E-002   2.9962661396256699E-002
   280.00000000000000        2.2312508308480361E-002   3.8872599422146652E-002   2.9962661396256699E-002
   280.00000000000000        2.2312508308480361E-002   3.8872599422146652E-002   2.9962661396256699E-002
   280.00000000000000        2.2312508308480361E-002   3.8872599422146652E-002   3.0110470076063454E-002
   280.00000000000000        2.2312508308480361E-002   3.8872599422146652E-002   3.0110470076063454E-002
   280.00000000000000        2.2427887552423496E-002   3.8872599422146652E-002   3.0110470076063454E-002
   280.00000000000000        2.2427887552423496E-002   3.8872599422146652E-002   3.0402740894541602E-002
   280.00000000000000        2.2427887552423496E-002   3.8872599422146652E-002   3.0402740894541602E-002
   280.00000000000000        2.2552679171849135E-002   3.8872599422146652E-002   3.0402740894541602E-002
   280.00000000000000        2.2552679171849135E-002   3.9328608625229515E-002   3.4540883362320418E-002
   280.00000000000000        2.2552679171849135E-002   4.6228048168838000E-002   4.5548139284785447E-002
   280.00000000000000        2.2610385009859044E-002   4.6285973316046891E-002   7.6821083339046844E-002
   280.00000000000000        2.2610385009859044E-002   4.6285973316046891E-002   8.1712072799767721E-002
   280.00000000000000        2.2610385009859044E-002   4.7471501846430481E-002   8.9913803172362541E-002
   280.00000000000000        2.2919566595992438E-002   4.7471501846430481E-002   8.9913803172362541E-002
   280.00000000000000        2.2919566595992438E-002   4.7471501846430481E-002   8.9913803172362541E-002
   280.00000000000000        2.2919566595992438E-002   4.7471501846430481E-002   9.0502311583127187E-002
   280.00000000000000        2.2950040132867954E-002   4.7471501846430481E-002   9.0502311583127187E-002
   280.00000000000000        2.2950040132867954E-002   4.7471501846430481E-002   9.0502311583127187E-002
   290.00000000000000        2.2042783936432088E-002   3.8523807822493865E-002   2.0642306103650847E-002
   290.00000000000000        2.2210530491783217E-002   3.8523807822493865E-002   2.9937007905411848E-002
   290.00000000000000        2.2312011887624203E-002   3.8865763770776482E-002   2.9937007905411848E-002
   290.00000000000000        2.2312011887624203E-002   3.8865763770776482E-002   2.9937007905411848E-002
   290.00000000000000        2.2312011887624203E-002   3.8865763770776482E-002   3.0063643096211096E-002
   290.00000000000000        2.2312011887624203E-002   3.8865763770776482E-002   3.0063643096211096E-002
   290.00000000000000        2.2430028024228263E-002   3.8865763770776482E-002   3.0063643096211096E-002
   290.00000000000000        2.2430028024228263E-002   3.8865763770776482E-002   3.0237661384993220E-002
   290.00000000000000        2.2430028024228263E-002   3.8865763770776482E-002   3.0237661384993220E-002
   290.00000000000000        2.2576226267589709E-002   3.8865763770776482E-002   3.0237661384993220E-002
   290.00000000000000        2.2576226267589709E-002   3.9260306693039364E-002   3.4431845349760570E-002
   290.00000000000000        2.2615953835819550E-002   4.7895283880057704E-002   4.7600764156530646E-002
   290.00000000000000        2.2676767224953921E-002   4.8763780709581650E-002   9.1413544200509997E-002
   290.00000000000000        2.2676767224953921E-002   4.8763780709581650E-002   9.6968201997291809E-002
   290.00000000000000        2.2676767224953921E-002   4.9692433949252941E-002  0.10761712209685627     
   290.00000000000000        2.2968921302176558E-002   4.9692433949252941E-002  0.10761712209685627     
   290.00000000000000        2.2968921302176558E-002   4.9692433949252941E-002  0.10761712209685627     
   290.00000000000000        2.2968921302176558E-002   4.9692433949252941E-002  0.10779701235249163     
   290.00000000000000        2.3000100674414992E-002   4.9692433949252941E-002  0.10779701235249163     
   290.00000000000000        2.3000100674414992E-002   4.9692433949252941E-002  0.10779701235249163     
   300.00000000000000        2.2041737607858713E-002   3.8515190800618541E-002   2.0629532459347028E-002
   300.00000000000000        2.2209383890535454E-002   3.8515190800618541E-002   2.9899826677710368E-002
   300.00000000000000        2.2311338219557889E-002   3.8855702922243995E-002   2.9899826677710368E-002
   300.00000000000000        2.2311338219557889E-002   3.8855702922243995E-002   2.9899826677710368E-002
   300.00000000000000        2.2311338219557889E-002   3.8855702922243995E-002   3.0000705977272016E-002
   300.00000000000000        2.2311338219557889E-002   3.8855702922243995E-002   3.0000705977272016E-002
   300.00000000000000        2.2433492432302735E-002   3.8855702922243995E-002   3.0000705977272016E-002
   300.00000000000000        2.2433492432302735E-002   3.8855702922243995E-002   3.0037944250782069E-002
   300.00000000000000        2.2433492432302735E-002   3.8855702922243995E-002   3.0037944250782069E-002
   300.00000000000000        2.2608863109331016E-002   3.8855702922243995E-002   3.0053935747567245E-002
   300.00000000000000        2.2608863109331016E-002   3.9181348592427626E-002   3.4378215563438445E-002
   300.00000000000000        2.2708199232707421E-002   4.9642681218950532E-002   4.9537429712827000E-002
   300.00000000000000        2.2780945779759303E-002   5.1490259355744847E-002  0.10487940037636702     
   300.00000000000000        2.2780945779759303E-002   5.1490259355744847E-002  0.11157541754611343     
   300.00000000000000        2.2780945779759303E-002   5.1971842880027652E-002  0.12396802832864753     
   300.00000000000000        2.3020896161899132E-002   5.1971842880027652E-002  0.12396802832864753     
   300.00000000000000        2.3020896161899132E-002   5.1971842880027652E-002  0.12396802832864753     
   300.00000000000000        2.3020896161899132E-002   5.1971842880027652E-002  0.12396802832864753     
   300.00000000000000        2.3050194801013228E-002   5.1971842880027652E-002  0.12396802832864753     
   300.00000000000000        2.3050194801013228E-002   5.1971842880027652E-002  0.12396802832864753     
   310.00000000000000        2.2040461597756661E-002   3.8504705305919401E-002   2.0612742186550615E-002
   310.00000000000000        2.2208007999372368E-002   3.8504705305919401E-002   2.9855503385523920E-002
   310.00000000000000        2.2310605145973661E-002   3.8843715092985030E-002   2.9855503385523920E-002
   310.00000000000000        2.2310605145973661E-002   3.8843715092985030E-002   2.9855503385523920E-002
   310.00000000000000        2.2310605145973661E-002   3.8843715092985030E-002   2.9929471092596343E-002
   310.00000000000000        2.2310605145973661E-002   3.8843715092985030E-002   2.9929471092596343E-002
   310.00000000000000        2.2438131804335921E-002   3.8843715092985030E-002   2.9929471092596343E-002
   310.00000000000000        2.2438131804335921E-002   3.8843715092985030E-002   2.9929471092596343E-002
   310.00000000000000        2.2438131804335921E-002   3.8843715092985030E-002   2.9929471092596343E-002
   310.00000000000000        2.2648953855682462E-002   3.8929896597205978E-002   3.0793435651368588E-002
   310.00000000000000        2.2648953855682462E-002   3.9197818977574669E-002   3.5231233893150304E-002
   310.00000000000000        2.2812777329132932E-002   5.1383737966192104E-002   5.1352409196694843E-002
   310.00000000000000        2.2901041136355136E-002   5.4296953956294865E-002  0.11669498928673110     
   310.00000000000000        2.2901041136355136E-002   5.4296953956294865E-002  0.12495097730022683     
   310.00000000000000        2.2901041136355136E-002   5.4296953956294865E-002  0.13848237428351881     
   310.00000000000000        2.3056864019451524E-002   5.4296953956294865E-002  0.13848237428351881     
   310.00000000000000        2.3056864019451524E-002   5.4296953956294865E-002  0.13848237428351881     
   310.00000000000000        2.3056864019451524E-002   5.4296953956294865E-002  0.13848237428351881     
   310.00000000000000        2.3082013971142172E-002   5.4296953956294865E-002  0.13848237428351881     
   310.00000000000000        2.3082013971142172E-002   5.4296953956294865E-002  0.13848237428351881     
   320.00000000000000        2.2039110442567608E-002   3.8493617060345722E-002   2.0594303281234860E-002
   320.00000000000000        2.2206571328167134E-002   3.8493617060345722E-002   2.9809194958231845E-002
   320.00000000000000        2.2309911716380752E-002   3.8831255769296462E-002   2.9809194958231845E-002
   320.00000000000000        2.2309911716380752E-002   3.8831255769296462E-002   2.9809194958231845E-002
   320.00000000000000        2.2309911716380752E-002   3.8831255769296462E-002   2.9858031253197474E-002
   320.00000000000000        2.2309911716380752E-002   3.8831255769296462E-002   2.9858031253197474E-002
   320.00000000000000        2.2443492523734510E-002   3.8831255769296462E-002   2.9858031253197474E-002
   320.00000000000000        2.2443492523734510E-002   3.8831255769296462E-002   2.9858031253197474E-002
   320.00000000000000        2.2443492523734510E-002   3.8831255769296462E-002   2.9858031253197474E-002
   320.00000000000000        2.2692901770738915E-002   3.9182985727528152E-002   3.1628631541575900E-002
   320.00000000000000        2.2692901770738915E-002   3.9414221504510898E-002   3.6225456441204722E-002
   320.00000000000000        2.2922693055144772E-002   5.3026752914568070E-002   5.3009239718235103E-002
   320.00000000000000        2.3025965625854961E-002   5.6986108168898000E-002  0.12648565294319322     
   320.00000000000000        2.3025965625854961E-002   5.6986108168898000E-002  0.13660822579524987     
   320.00000000000000        2.3025965625854961E-002   5.6986108168898000E-002  0.15081960181440729     
   320.00000000000000        2.3076179485930798E-002   5.6986108168898000E-002  0.15081960181440729     
   320.00000000000000        2.3076179485930798E-002   5.6986108168898000E-002  0.15081960181440729     
   320.00000000000000        2.3076179485930798E-002   5.6986108168898000E-002  0.15081960181440729     
   320.00000000000000        2.3095768684064131E-002   5.6986108168898000E-002  0.15081960181440729     
   320.00000000000000        2.3095768684064131E-002   5.6986108168898000E-002  0.15081960181440729     
   330.00000000000000        2.2037846576969253E-002   3.8483249689230704E-002   2.0576697177859725E-002
   330.00000000000000        2.2205243124679155E-002   3.8483249689230704E-002   2.9766233795957560E-002
   330.00000000000000        2.2309328707619532E-002   3.8819770591984111E-002   2.9766233795957560E-002
   330.00000000000000        2.2309328707619532E-002   3.8819770591984111E-002   2.9766233795957560E-002
   330.00000000000000        2.2309328707619532E-002   3.8819770591984111E-002   2.9793901221761902E-002
   330.00000000000000        2.2309328707619532E-002   3.8819770591984111E-002   2.9793901221761902E-002
   330.00000000000000        2.2448884577646058E-002   3.8819770591984111E-002   2.9875557943165196E-002
   330.00000000000000        2.2448884577646058E-002   3.8819770591984111E-002   2.9875557943165196E-002
   330.00000000000000        2.2448884577646058E-002   3.8819770591984111E-002   2.9875557943165196E-002
   330.00000000000000        2.2735646874667888E-002   3.9427213524612273E-002   3.2429018546236241E-002
   330.00000000000000        2.2735646874667888E-002   3.9643365336708557E-002   3.7237921567877842E-002
   330.00000000000000        2.3027264010423449E-002   5.4464076280540022E-002   5.4440920290829510E-002
   330.00000000000000        2.3142591490376060E-002   5.9350910108899861E-002  0.13405519930677443     
   330.00000000000000        2.3142591490376060E-002   5.9350910108899861E-002  0.14614051418545715     
   330.00000000000000        2.3142591490376060E-002   5.9350910108899861E-002  0.16071960073739333     
   330.00000000000000        2.3142591490376060E-002   5.9350910108899861E-002  0.16071960073739333     
   330.00000000000000        2.3142591490376060E-002   5.9350910108899861E-002  0.16071960073739333     
   330.00000000000000        2.3142591490376060E-002   5.9350910108899861E-002  0.16071960073739333     
   330.00000000000000        2.3142591490376060E-002   5.9350910108899861E-002  0.16071960073739333     
   330.00000000000000        2.3142591490376060E-002   5.9350910108899861E-002  0.16071960073739333     
   340.00000000000000        2.2036821157646373E-002   3.8474828064170657E-002   2.0562224886127859E-002
   340.00000000000000        2.2204175274796657E-002   3.8474828064170657E-002   2.9731526139598650E-002
   340.00000000000000        2.2308898137941045E-002   3.8810542961562187E-002   2.9731526139598650E-002
   340.00000000000000        2.2308898137941045E-002   3.8810542961562187E-002   2.9731526139598650E-002
   340.00000000000000        2.2308898137941045E-002   3.8810542961562187E-002   2.9743383772118472E-002
   340.00000000000000        2.2308898137941045E-002   3.8810542961562187E-002   2.9743383772118472E-002
   340.00000000000000        2.2453512715571011E-002   3.8810542961562187E-002   2.9913623804712554E-002
   340.00000000000000        2.2453512715571011E-002   3.8810542961562187E-002   2.9913623804712554E-002
   340.00000000000000        2.2453512715571011E-002   3.8810542961562187E-002   2.9913623804712554E-002
   340.00000000000000        2.2771554189566501E-002   3.9631140165075934E-002   3.3094483524395021E-002
   340.00000000000000        2.2771554189566501E-002   3.9847273765259081E-002   3.8116989475121751E-002
   340.00000000000000        2.3114102480130752E-002   5.5587111257839626E-002   5.5559518093603620E-002
   340.00000000000000        2.3237659527369451E-002   6.1199120426610680E-002  0.13937009561567695     
   340.00000000000000        2.3237659527369451E-002   6.1199120426610680E-002  0.15321386330790646     
   340.00000000000000        2.3237659527369451E-002   6.1199120426610680E-002  0.16797046032634047     
   340.00000000000000        2.3237659527369451E-002   6.1199120426610680E-002  0.16797046032634047     
   340.00000000000000        2.3237659527369451E-002   6.1199120426610680E-002  0.16797046032634047     
   340.00000000000000        2.3237659527369451E-002   6.1199120426610680E-002  0.16797046032634047     
   340.00000000000000        2.3237659527369451E-002   6.1199120426610680E-002  0.16797046032634047     
   340.00000000000000        2.3237659527369451E-002   6.1199120426610680E-002  0.16797046032634047     
   350.00000000000000        2.2036156379797715E-002   3.8469340917723679E-002   2.0552741867560252E-002
   350.00000000000000        2.2203487197205211E-002   3.8469340917723679E-002   2.9709010053610433E-002
   350.00000000000000        2.2308639513445933E-002   3.8804575978262403E-002   2.9709010053610433E-002
   350.00000000000000        2.2308639513445933E-002   3.8804575978262403E-002   2.9709010053610433E-002
   350.00000000000000        2.2308639513445933E-002   3.8804575978262403E-002   2.9711169355168602E-002
   350.00000000000000        2.2308639513445933E-002   3.8804575978262403E-002   2.9711169355168602E-002
   350.00000000000000        2.2456640780053567E-002   3.8804575978262403E-002   2.9940712731883059E-002
   350.00000000000000        2.2456640780053567E-002   3.8838223411281458E-002   2.9940712731883059E-002
   350.00000000000000        2.2456640780053567E-002   3.8838223411281458E-002   2.9940712731883059E-002
   350.00000000000000        2.2795501133942603E-002   3.9766588161343805E-002   3.3535453688399136E-002
   350.00000000000000        2.2795501133942603E-002   3.9988194087843473E-002   3.8715977691882328E-002
   350.00000000000000        2.3171682892821073E-002   5.6302875045454392E-002   5.6275830052985233E-002
   350.00000000000000        2.3299821691038138E-002   6.2375429993364782E-002  0.14249871578992412     
   350.00000000000000        2.3299821691038138E-002   6.2375429993364782E-002  0.15757009516834655     
   350.00000000000000        2.3299821691038138E-002   6.2375429993364782E-002  0.17240056400604650     
   350.00000000000000        2.3299821691038138E-002   6.2375429993364782E-002  0.17240056400604650     
   350.00000000000000        2.3299821691038138E-002   6.2375429993364782E-002  0.17240056400604650     
   350.00000000000000        2.3299821691038138E-002   6.2375429993364782E-002  0.17240056400604650     
   350.00000000000000        2.3299821691038138E-002   6.2375429993364782E-002  0.17240056400604650     
   350.00000000000000        2.3299821691038138E-002   6.2375429993364782E-002  0.17240056400604650     
