   0.0000000000000000        2.2025330747770341E-002   3.8427902243589614E-002   2.0498691193386480E-002
   0.0000000000000000        2.2192186962906025E-002   3.8427902243589614E-002   2.9536691612744883E-002
   0.0000000000000000        2.2301552596648951E-002   3.8754818215971973E-002   2.9536691612744883E-002
   0.0000000000000000        2.2301552596648951E-002   3.8754818215971973E-002   2.9580846680200428E-002
   0.0000000000000000        2.2301552596648951E-002   3.8792892988263779E-002   2.9580846680200428E-002
   0.0000000000000000        2.2303444391542221E-002   3.8792892988263779E-002   2.9580846680200428E-002
   0.0000000000000000        2.2541295379432433E-002   3.9087560837496038E-002   3.0923730585937805E-002
   0.0000000000000000        2.2541295379432433E-002   4.1201974026681680E-002   3.0923730585937805E-002
   0.0000000000000000        2.3085552645646074E-002   4.1652214573962072E-002   3.0923730585937805E-002
   0.0000000000000000        2.6460741823805964E-002  0.10587088590834251       0.31708370287703003     
   0.0000000000000000        2.6460741823805964E-002  0.24068701122308045       0.66200678792654521     
   0.0000000000000000        2.6460741823805964E-002  0.25022130135215215       0.80536351522404126     
   0.0000000000000000        2.6460741823805964E-002  0.25104380819796551       0.86931753060544259     
   0.0000000000000000        2.6460741823805964E-002  0.25104380819796551       0.90282898353403263     
   0.0000000000000000        2.6460741823805964E-002  0.25104380819796551       0.92166895685434136     
   0.0000000000000000        2.6460741823805964E-002  0.25104380819796551       0.93001745420036708     
   0.0000000000000000        2.6460741823805964E-002  0.25104380819796551       0.93106993051254594     
   0.0000000000000000        2.6460741823805964E-002  0.25104380819796551       0.93578696865376831     
   0.0000000000000000        2.6460741823805964E-002  0.25104380819796551       0.94334273372597266     
   0.0000000000000000        2.6460741823805964E-002  0.25104380819796551       0.95066535102117655     
   10.000000000000000        2.2031958933380405E-002   3.8431244148958481E-002   2.0504525366069008E-002
   10.000000000000000        2.2198861529559216E-002   3.8431244148958481E-002   2.9550699885997456E-002
   10.000000000000000        2.2307605405184339E-002   3.8758593174597948E-002   2.9550699885997456E-002
   10.000000000000000        2.2307605405184339E-002   3.8758593174597948E-002   2.9584834195128449E-002
   10.000000000000000        2.2307605405184339E-002   3.8788574283413833E-002   2.9584834195128449E-002
   10.000000000000000        2.2307605405184339E-002   3.8788574283413833E-002   2.9584834195128449E-002
   10.000000000000000        2.2542217120055101E-002   3.9066327296101912E-002   3.0857875245445969E-002
   10.000000000000000        2.2542217120055101E-002   4.1087147739933945E-002   3.0857875245445969E-002
   10.000000000000000        2.3042075585258264E-002   4.1535280724652242E-002   3.0857875245445969E-002
   10.000000000000000        2.6354710514714733E-002  0.10489269433925262       0.31388066404870052     
   10.000000000000000        2.6354710514714733E-002  0.23516255397709340       0.65385657051069623     
   10.000000000000000        2.6354710514714733E-002  0.24453457357618491       0.79861141815191439     
   10.000000000000000        2.6354710514714733E-002  0.24502434008327106       0.86450392993747716     
   10.000000000000000        2.6354710514714733E-002  0.24502434008327106       0.89965342712363028     
   10.000000000000000        2.6354710514714733E-002  0.24502434008327106       0.92024492199529295     
   10.000000000000000        2.6354710514714733E-002  0.24502434008327106       0.93161850150285241     
   10.000000000000000        2.6354710514714733E-002  0.24502434008327106       0.93410299167579436     
   10.000000000000000        2.6354710514714733E-002  0.24502434008327106       0.93633728886217271     
   10.000000000000000        2.6354710514714733E-002  0.24502434008327106       0.94229314187009394     
   10.000000000000000        2.6354710514714733E-002  0.24502434008327106       0.94907239665948406     
   20.000000000000000        2.2033141198473778E-002   3.8440906025472947E-002   2.0521998113807793E-002
   20.000000000000000        2.2200105324936794E-002   3.8440906025472947E-002   2.9591339104497769E-002
   20.000000000000000        2.2307813917255948E-002   3.8769550506171070E-002   2.9591339104497769E-002
   20.000000000000000        2.2307813917255948E-002   3.8769550506171070E-002   2.9597308710261176E-002
   20.000000000000000        2.2307813917255948E-002   3.8776701018035882E-002   2.9597308710261176E-002
   20.000000000000000        2.2307813917255948E-002   3.8776701018035882E-002   2.9597308710261176E-002
   20.000000000000000        2.2525844943039889E-002   3.9005160200965949E-002   3.0670918703310967E-002
   20.000000000000000        2.2525844943039889E-002   4.0759732498869550E-002   3.0670918703310967E-002
   20.000000000000000        2.2908720586204384E-002   4.1211347858892466E-002   3.0670918703310967E-002
   20.000000000000000        2.6031928942574060E-002  0.10205609599422040       0.30456249703726246     
   20.000000000000000        2.6031928942574060E-002  0.21973392226942404       0.62963831849043272     
   20.000000000000000        2.6031928942574060E-002  0.22866764718606583       0.77752724326170508     
   20.000000000000000        2.6031928942574060E-002  0.22866764718606583       0.84858196316593459     
   20.000000000000000        2.6031928942574060E-002  0.22866764718606583       0.88792293934267741     
   20.000000000000000        2.6031928942574060E-002  0.22866764718606583       0.91216701256071586     
   20.000000000000000        2.6031928942574060E-002  0.22866764718606583       0.92817842513217974     
   20.000000000000000        2.6031928942574060E-002  0.22866764718606583       0.93891314730402831     
   20.000000000000000        2.6031928942574060E-002  0.22866764718606583       0.94435732679210049     
   20.000000000000000        2.6031928942574060E-002  0.22866764718606583       0.94476827840073452     
   20.000000000000000        2.6031928942574060E-002  0.22866764718606583       0.94733029504988919     
   30.000000000000000        2.2034947372632844E-002   3.8455693630490270E-002   2.0548806825702634E-002
   30.000000000000000        2.2202021061231120E-002   3.8455693630490270E-002   2.9654121912287782E-002
   30.000000000000000        2.2308202110300369E-002   3.8786505048249424E-002   2.9654121912287782E-002
   30.000000000000000        2.2308202110300369E-002   3.8786505048249424E-002   2.9654121912287782E-002
   30.000000000000000        2.2308202110300369E-002   3.8786505048249424E-002   2.9654121912287782E-002
   30.000000000000000        2.2308202110300369E-002   3.8786505048249424E-002   2.9654121912287782E-002
   30.000000000000000        2.2501517343487293E-002   3.8914223940587682E-002   3.0393464442314007E-002
   30.000000000000000        2.2501517343487293E-002   4.0267433852843496E-002   3.0393464442314007E-002
   30.000000000000000        2.2712445925580815E-002   4.0752058977610174E-002   3.0393464442314007E-002
   30.000000000000000        2.5540199934402048E-002   9.7634629450871854E-002  0.28994101941181905     
   30.000000000000000        2.5540199934402048E-002  0.19738999544482294       0.58987512118428287     
   30.000000000000000        2.5540199934402048E-002  0.20574204865233500       0.73980657611270317     
   30.000000000000000        2.5540199934402048E-002  0.20574204865233500       0.81796582759058278     
   30.000000000000000        2.5540199934402048E-002  0.20574204865233500       0.86333524262936623     
   30.000000000000000        2.5540199934402048E-002  0.20574204865233500       0.89219954349079655     
   30.000000000000000        2.5540199934402048E-002  0.20574204865233500       0.91189036822579772     
   30.000000000000000        2.5540199934402048E-002  0.20574204865233500       0.92605478457961155     
   30.000000000000000        2.5540199934402048E-002  0.20574204865233500       0.93666864342888789     
   30.000000000000000        2.5540199934402048E-002  0.20574204865233500       0.94487963492706351     
   30.000000000000000        2.5540199934402048E-002  0.20574204865233500       0.95138867909370062     
   40.000000000000000        2.2037164525523276E-002   3.8473919148824115E-002   2.0581059854637231E-002
   40.000000000000000        2.2204403432962098E-002   3.8473919148824115E-002   2.9731284163723875E-002
   40.000000000000000        2.2308808619046022E-002   3.8807726412075222E-002   2.9731284163723875E-002
   40.000000000000000        2.2308808619046022E-002   3.8807726412075222E-002   2.9731284163723875E-002
   40.000000000000000        2.2308808619046022E-002   3.8807726412075222E-002   2.9731284163723875E-002
   40.000000000000000        2.2308808619046022E-002   3.8807726412075222E-002   2.9731284163723875E-002
   40.000000000000000        2.2473066986918019E-002   3.8807726412075222E-002   3.0068571312798421E-002
   40.000000000000000        2.2473066986918019E-002   3.9679463911169666E-002   3.0068571312798421E-002
   40.000000000000000        2.2549914622302544E-002   4.0255877189712685E-002   3.0068571312798421E-002
   40.000000000000000        2.4940846078362972E-002   9.2024624015635548E-002  0.27121531048830239     
   40.000000000000000        2.4940846078362972E-002  0.17194792270850789       0.53508837480158722     
   40.000000000000000        2.4940846078362972E-002  0.17979036655315975       0.68100625419004768     
   40.000000000000000        2.5193060638705363E-002  0.17979036655315975       0.76607272949553440     
   40.000000000000000        2.5193060638705363E-002  0.17979036655315975       0.81900663923485795     
   40.000000000000000        2.5193060638705363E-002  0.17979036655315975       0.85416951592474244     
   40.000000000000000        2.5261933360930140E-002  0.17979036655315975       0.87884773444419417     
   40.000000000000000        2.5261933360930140E-002  0.17979036655315975       0.89695249689085321     
   40.000000000000000        2.5261933360930140E-002  0.17979036655315975       0.91071361017252406     
   40.000000000000000        2.5265803730307183E-002  0.17979036655315975       0.92147750570203335     
   40.000000000000000        2.5265803730307183E-002  0.17979036655315975       0.93009956110438563     
   50.000000000000000        2.2039532316920279E-002   3.8493463713022501E-002   2.0615466501135982E-002
   50.000000000000000        2.2206990519704737E-002   3.8493463713022501E-002   2.9815172158503007E-002
   50.000000000000000        2.2309643704484235E-002   3.8830941578404651E-002   2.9815172158503007E-002
   50.000000000000000        2.2309643704484235E-002   3.8830941578404651E-002   2.9815172158503007E-002
   50.000000000000000        2.2309643704484235E-002   3.8830941578404651E-002   2.9832306430985302E-002
   50.000000000000000        2.2309643704484235E-002   3.8830941578404651E-002   2.9832306430985302E-002
   50.000000000000000        2.2444682716325097E-002   3.8830941578404651E-002   2.9832306430985302E-002
   50.000000000000000        2.2444682716325097E-002   3.9073404844299511E-002   2.9832306430985302E-002
   50.000000000000000        2.2444682716325097E-002   3.9821944860931491E-002   2.9832306430985302E-002
   50.000000000000000        2.4354831498402549E-002   8.5673643296713314E-002  0.24983908701303728     
   50.000000000000000        2.4404014877133281E-002  0.14697421644028430       0.46595472705512292     
   50.000000000000000        2.4573191803561670E-002  0.15465622104485935       0.59210266016414859     
   50.000000000000000        2.5094772413613277E-002  0.15465622104485935       0.67647876921858396     
   50.000000000000000        2.5094772413613277E-002  0.15465622104485935       0.73487832826148869     
   50.000000000000000        2.5094772413613277E-002  0.15465622104485935       0.77672020677217180     
   50.000000000000000        2.5177453542311174E-002  0.15465622104485935       0.80777616704143107     
   50.000000000000000        2.5177453542311174E-002  0.15465622104485935       0.83157472501103380     
   50.000000000000000        2.5177453542311174E-002  0.15465622104485935       0.85031150192780358     
   50.000000000000000        2.5177453542311174E-002  0.15465622104485935       0.86540407705557831     
   50.000000000000000        2.5177453542311174E-002  0.15465622104485935       0.87780238374680586     
   60.000000000000000        2.2041764796137474E-002   3.8512018987856389E-002   2.0647165199459756E-002
   60.000000000000000        2.2209480877776293E-002   3.8512018987856389E-002   2.9895757123475974E-002
   60.000000000000000        2.2310649432325011E-002   3.8853533797146372E-002   2.9895757123475974E-002
   60.000000000000000        2.2310649432325011E-002   3.8853533797146372E-002   2.9895757123475974E-002
   60.000000000000000        2.2310649432325011E-002   3.8853533797146372E-002   2.9996982477636967E-002
   60.000000000000000        2.2310649432325011E-002   3.8853533797146372E-002   2.9996982477636967E-002
   60.000000000000000        2.2420094326656745E-002   3.8853533797146372E-002   2.9996982477636967E-002
   60.000000000000000        2.2420094326656745E-002   3.8853533797146372E-002   2.9996982477636967E-002
   60.000000000000000        2.2420094326656745E-002   3.9856494281747021E-002   2.9996982477636967E-002
   60.000000000000000        2.4041996994547812E-002   7.9011849082879129E-002  0.22734914685878951     
   60.000000000000000        2.4105471630124959E-002  0.12507865966371293       0.38429088428388603     
   60.000000000000000        2.4387036367893196E-002  0.13303637649565986       0.45494455575309883     
   60.000000000000000        2.4888803011934482E-002  0.13303637649565986       0.49691513454961816     
   60.000000000000000        2.4888803011934482E-002  0.13309594142242395       0.51910247831251222     
   60.000000000000000        2.4888803011934482E-002  0.13309594142242395       0.52388444661929334     
   60.000000000000000        2.4977187762842006E-002  0.13309594142242395       0.52388444661929334     
   60.000000000000000        2.4977187762842006E-002  0.13309594142242395       0.52388444661929334     
   60.000000000000000        2.4977187762842006E-002  0.13309594142242395       0.52388444661929334     
   60.000000000000000        2.4978722923145041E-002  0.13309594142242395       0.52388444661929334     
   60.000000000000000        2.4978722923145041E-002  0.13324892478694836       0.52388444661929334     
   70.000000000000000        2.2043589112847664E-002   3.8527368814120021E-002   2.0671668789569844E-002
   70.000000000000000        2.2211569649951801E-002   3.8527368814120021E-002   2.9963658827742344E-002
   70.000000000000000        2.2311692227665467E-002   3.8872813093561644E-002   2.9963658827742344E-002
   70.000000000000000        2.2311692227665467E-002   3.8872813093561644E-002   2.9963658827742344E-002
   70.000000000000000        2.2311692227665467E-002   3.8872813093561644E-002   3.0146238268248596E-002
   70.000000000000000        2.2311692227665467E-002   3.8872813093561644E-002   3.0146238268248596E-002
   70.000000000000000        2.2401905829410054E-002   3.8872813093561644E-002   3.0146238268248596E-002
   70.000000000000000        2.2401905829410054E-002   3.8872813093561644E-002   3.0567107655757861E-002
   70.000000000000000        2.2401905829410054E-002   4.0187754617153078E-002   3.0567107655757861E-002
   70.000000000000000        2.3747399074540290E-002   7.2506317366032538E-002  0.20546365272904990     
   70.000000000000000        2.3747399074540290E-002  0.10768835332392315       0.29498371942222767     
   70.000000000000000        2.4098572637150664E-002  0.11590909786217368       0.29503520612768547     
   70.000000000000000        2.4578575986961202E-002  0.11590909786217368       0.29503520612768547     
   70.000000000000000        2.4578575986961202E-002  0.11619551944768462       0.34696403620156796     
   70.000000000000000        2.4578575986961202E-002  0.11619551944768462       0.34696403620156796     
   70.000000000000000        2.4663396395476173E-002  0.11619551944768462       0.34696403620156796     
   70.000000000000000        2.4663396395476173E-002  0.11619551944768462       0.34696403620156796     
   70.000000000000000        2.4663396395476173E-002  0.11636360787411490       0.34696403620156796     
   70.000000000000000        2.4674847427308900E-002  0.11636360787411490       0.34696403620156796     
   70.000000000000000        2.4674847427308900E-002  0.11644250411917098       0.34696403620156796     
   80.000000000000000        2.2044781537014113E-002   3.8537659197298936E-002   2.0685802793873300E-002
   80.000000000000000        2.2212986958448037E-002   3.8537659197298936E-002   3.0010836281999766E-002
   80.000000000000000        2.2312576146581158E-002   3.8886326440271492E-002   3.0010836281999766E-002
   80.000000000000000        2.2312576146581158E-002   3.8886326440271492E-002   3.0010836281999766E-002
   80.000000000000000        2.2312576146581158E-002   3.8886326440271492E-002   3.0261920955585067E-002
   80.000000000000000        2.2312576146581158E-002   3.8886326440271492E-002   3.0261920955585067E-002
   80.000000000000000        2.2391221441551569E-002   3.8886326440271492E-002   3.0261920955585067E-002
   80.000000000000000        2.2391221441551569E-002   3.8912088970216092E-002   3.1510496730776202E-002
   80.000000000000000        2.2391221441551569E-002   4.0520222719605758E-002   3.1510496730776202E-002
   80.000000000000000        2.3478553079977975E-002   6.7465625405156507E-002  0.18528415934976578     
   80.000000000000000        2.3478553079977975E-002   9.5123491777524202E-002  0.22986144416983187     
   80.000000000000000        2.3739341376601858E-002  0.10287450893795529       0.29577491442800274     
   80.000000000000000        2.4212882799118852E-002  0.10287450893795529       0.38665488716898921     
   80.000000000000000        2.4212882799118852E-002  0.10287450893795529       0.38958002606240516     
   80.000000000000000        2.4212882799118852E-002  0.10287450893795529       0.39361761177929383     
   80.000000000000000        2.4294776916775937E-002  0.10287450893795529       0.39361761177929383     
   80.000000000000000        2.4294776916775937E-002  0.10287450893795529       0.39439687297627807     
   80.000000000000000        2.4294776916775937E-002  0.10287450893795529       0.39447088620095694     
   80.000000000000000        2.4305460638943528E-002  0.10287450893795529       0.39447088620095694     
   80.000000000000000        2.4305460638943528E-002  0.10287450893795529       0.39450656508717996     
   90.000000000000000        2.2045195299404571E-002   3.8541710578927947E-002   2.0688715308218877E-002
   90.000000000000000        2.2213533322834437E-002   3.8541710578927947E-002   3.0034672893366161E-002
   90.000000000000000        2.2313076030780012E-002   3.8892259813868901E-002   3.0034672893366161E-002
   90.000000000000000        2.2313076030780012E-002   3.8892259813868901E-002   3.0034672893366161E-002
   90.000000000000000        2.2313076030780012E-002   3.8892259813868901E-002   3.0331186399751246E-002
   90.000000000000000        2.2313076030780012E-002   3.8892259813868901E-002   3.0331186399751246E-002
   90.000000000000000        2.2387628383953126E-002   3.8892259813868901E-002   3.0331186399751246E-002
   90.000000000000000        2.2387628383953126E-002   3.8996020653880990E-002   3.2259936825537149E-002
   90.000000000000000        2.2387628383953126E-002   4.0783758522690575E-002   3.2259936825537149E-002
   90.000000000000000        2.3233535465557793E-002   6.4051045376317062E-002  0.16702712994772512     
   90.000000000000000        2.3233535465557793E-002   8.6719120884146336E-002  0.19141867077670888     
   90.000000000000000        2.3354659304799096E-002   9.2948939186504223E-002  0.37382831802839878     
   90.000000000000000        2.3786136444564697E-002   9.3058677869260795E-002  0.37382831802839878     
   90.000000000000000        2.3786136444564697E-002   9.3631652395523401E-002  0.38712815751496021     
   90.000000000000000        2.3786136444564697E-002   9.3903970065519551E-002  0.38712815751496021     
   90.000000000000000        2.3873281207250904E-002   9.3903970065519551E-002  0.38852054558178800     
   90.000000000000000        2.3873281207250904E-002   9.5036205224693179E-002  0.38852054558178800     
   90.000000000000000        2.3873281207250904E-002   9.5104407340470515E-002  0.38852054558178800     
   90.000000000000000        2.3903039702259713E-002   9.5104407340470515E-002  0.38883763893329149     
   90.000000000000000        2.3903039702259713E-002   9.5104407340470515E-002  0.38883763893329149     
   100.00000000000000        2.2044761247022253E-002   3.8538653205512134E-002   2.0673860732815443E-002
   100.00000000000000        2.2213090963368532E-002   3.8538653205512134E-002   3.0024111813574849E-002
   100.00000000000000        2.2312967268323641E-002   3.8889210889739435E-002   3.0024111813574849E-002
   100.00000000000000        2.2312967268323641E-002   3.8889210889739435E-002   3.0024111813574849E-002
   100.00000000000000        2.2312967268323641E-002   3.8889210889739435E-002   3.0334564025711830E-002
   100.00000000000000        2.2312967268323641E-002   3.8889210889739435E-002   3.0334564025711830E-002
   100.00000000000000        2.2389497538492991E-002   3.8889210889739435E-002   3.0334564025711830E-002
   100.00000000000000        2.2389497538492991E-002   3.9015556205578082E-002   3.2699566705234807E-002
   100.00000000000000        2.2389497538492991E-002   4.0905635397464023E-002   3.2699566705234807E-002
   100.00000000000000        2.3004102386088764E-002   6.1800202687254856E-002  0.15095414116698369     
   100.00000000000000        2.3004102386088764E-002   8.1122912966928015E-002  0.16484576429915646     
   100.00000000000000        2.3004102386088764E-002   8.5033340537290114E-002  0.33651655786953699     
   100.00000000000000        2.3441726982676471E-002   8.5705072224726855E-002  0.33651655786953699     
   100.00000000000000        2.3441726982676471E-002   8.5708800628941720E-002  0.35058359546369533     
   100.00000000000000        2.3441726982676471E-002   8.6085813819464410E-002  0.35058359546369533     
   100.00000000000000        2.3503819992558829E-002   8.6085813819464410E-002  0.35125049949550863     
   100.00000000000000        2.3503819992558829E-002   8.6228019907425721E-002  0.35208106877951789     
   100.00000000000000        2.3503819992558829E-002   8.6228019907425721E-002  0.35208106877951789     
   100.00000000000000        2.3542842348394804E-002   8.6228019907425721E-002  0.35219352297153850     
   100.00000000000000        2.3542842348394804E-002   8.6290958244607044E-002  0.35228974417974823     
   110.00000000000000        2.2043559535917835E-002   3.8529206116553610E-002   2.0647418817034913E-002
   110.00000000000000        2.2211708973670703E-002   3.8529206116553610E-002   2.9987829934728490E-002
   110.00000000000000        2.2312148578085077E-002   3.8877575560611437E-002   2.9987829934728490E-002
   110.00000000000000        2.2312148578085077E-002   3.8877575560611437E-002   2.9987829934728490E-002
   110.00000000000000        2.2312148578085077E-002   3.8877575560611437E-002   3.0275978293424797E-002
   110.00000000000000        2.2312148578085077E-002   3.8877575560611437E-002   3.0275978293424797E-002
   110.00000000000000        2.2394588841817987E-002   3.8877575560611437E-002   3.0275978293424797E-002
   110.00000000000000        2.2394588841817987E-002   3.8959905944088255E-002   3.2768551571417219E-002
   110.00000000000000        2.2394588841817987E-002   4.0832460665043625E-002   3.2768551571417219E-002
   110.00000000000000        2.2780326493603734E-002   6.0215185610762327E-002  0.13708709104833061     
   110.00000000000000        2.2855968992373576E-002   7.7010182749352687E-002  0.14492591675435823     
   110.00000000000000        2.2855968992373576E-002   7.8293293154645727E-002  0.29314460762800459     
   110.00000000000000        2.3188359349151519E-002   7.8889014873669200E-002  0.29314460762800459     
   110.00000000000000        2.3188359349151519E-002   7.8889014873669200E-002  0.30380127887161573     
   110.00000000000000        2.3188359349151519E-002   7.9189145563429736E-002  0.30380127887161573     
   110.00000000000000        2.3241341148582596E-002   7.9189145563429736E-002  0.30380127887161573     
   110.00000000000000        2.3241341148582596E-002   7.9189145563429736E-002  0.30460098389313606     
   110.00000000000000        2.3241341148582596E-002   7.9212620032094283E-002  0.30460098389313606     
   110.00000000000000        2.3325006203597023E-002   7.9212620032094283E-002  0.30460098389313606     
   110.00000000000000        2.3325006203597023E-002   7.9253840719358731E-002  0.30480220087196630     
   120.00000000000000        2.2041693070448204E-002   3.8514186559046218E-002   2.0609904479855203E-002
   120.00000000000000        2.2209486176601664E-002   3.8514186559046218E-002   2.9927581808840704E-002
   120.00000000000000        2.2310559316814610E-002   3.8858190159527767E-002   2.9927581808840704E-002
   120.00000000000000        2.2310559316814610E-002   3.8858190159527767E-002   2.9927581808840704E-002
   120.00000000000000        2.2310559316814610E-002   3.8858190159527767E-002   3.0157607887724532E-002
   120.00000000000000        2.2310559316814610E-002   3.8858190159527767E-002   3.0157607887724532E-002
   120.00000000000000        2.2400564977982863E-002   3.8858190159527767E-002   3.0157607887724532E-002
   120.00000000000000        2.2400564977982863E-002   3.8858190159527767E-002   3.2454854549512448E-002
   120.00000000000000        2.2400564977982863E-002   4.0544714490608917E-002   3.2454854549512448E-002
   120.00000000000000        2.2675594443014743E-002   5.8923344804546411E-002  0.12528857614413189     
   120.00000000000000        2.2822196001867495E-002   7.3519557582983619E-002  0.12963685902931352     
   120.00000000000000        2.2822196001867495E-002   7.3519557582983619E-002  0.25219542441866538     
   120.00000000000000        2.3045787133731704E-002   7.3519557582983619E-002  0.25219542441866538     
   120.00000000000000        2.3045787133731704E-002   7.3519557582983619E-002  0.25686441881404803     
   120.00000000000000        2.3045787133731704E-002   7.3519557582983619E-002  0.25686441881404803     
   120.00000000000000        2.3105544359019917E-002   7.3519557582983619E-002  0.25686441881404803     
   120.00000000000000        2.3105544359019917E-002   7.3519557582983619E-002  0.25736519203921721     
   120.00000000000000        2.3105544359019917E-002   7.3519557582983619E-002  0.25736519203921721     
   120.00000000000000        2.3183547331494032E-002   7.3519557582983619E-002  0.25736519203921721     
   120.00000000000000        2.3183547331494032E-002   7.3519557582983619E-002  0.25771758457292115     
   130.00000000000000        2.2039398639731773E-002   3.8495391973090237E-002   2.0565178708020940E-002
   130.00000000000000        2.2206687851396515E-002   3.8495391973090237E-002   2.9850738245330813E-002
   130.00000000000000        2.2308337078180231E-002   3.8833248352339131E-002   2.9850738245330813E-002
   130.00000000000000        2.2308337078180231E-002   3.8833248352339131E-002   2.9850738245330813E-002
   130.00000000000000        2.2308337078180231E-002   3.8833248352339131E-002   2.9993138093300793E-002
   130.00000000000000        2.2308337078180231E-002   3.8833248352339131E-002   2.9993138093300793E-002
   130.00000000000000        2.2405644798959318E-002   3.8833248352339131E-002   2.9993138093300793E-002
   130.00000000000000        2.2405644798959318E-002   3.8833248352339131E-002   3.1817246997140988E-002
   130.00000000000000        2.2405644798959318E-002   4.0066521481824262E-002   3.1817246997140988E-002
   130.00000000000000        2.2874240721495836E-002   5.7710488165999531E-002  0.11539842615552456     
   130.00000000000000        2.2972839565378819E-002   7.0245550055645284E-002  0.11775972837027329     
   130.00000000000000        2.2972839565378819E-002   7.0245550055645284E-002  0.21753411881316329     
   130.00000000000000        2.2974728035958375E-002   7.0245550055645284E-002  0.21753411881316329     
   130.00000000000000        2.2974728035958375E-002   7.0245550055645284E-002  0.21753411881316329     
   130.00000000000000        2.2974728035958375E-002   7.0245550055645284E-002  0.21753411881316329     
   130.00000000000000        2.3035048283862988E-002   7.0245550055645284E-002  0.21753411881316329     
   130.00000000000000        2.3035048283862988E-002   7.0245550055645284E-002  0.21753411881316329     
   130.00000000000000        2.3035048283862988E-002   7.0245550055645284E-002  0.21753411881316329     
   130.00000000000000        2.3109104322086352E-002   7.0245550055645284E-002  0.21753411881316329     
   130.00000000000000        2.3109104322086352E-002   7.0245550055645284E-002  0.21753411881316329     
   140.00000000000000        2.2036950442391741E-002   3.8475096805093631E-002   2.0518133059988865E-002
   140.00000000000000        2.2203647978052046E-002   3.8475096805093631E-002   2.9766913952470716E-002
   140.00000000000000        2.2305738830055349E-002   3.8805775007985953E-002   2.9766913952470716E-002
   140.00000000000000        2.2305738830055349E-002   3.8805775007985953E-002   2.9766913952470716E-002
   140.00000000000000        2.2305738830055349E-002   3.8805775007985953E-002   2.9803961859433632E-002
   140.00000000000000        2.2305738830055349E-002   3.8805775007985953E-002   2.9803961859433632E-002
   140.00000000000000        2.2408864787960142E-002   3.8805775007985953E-002   2.9803961859433632E-002
   140.00000000000000        2.2408864787960142E-002   3.8805775007985953E-002   3.0984795298402541E-002
   140.00000000000000        2.2408864787960142E-002   3.9465869549793524E-002   3.0984795298402541E-002
   140.00000000000000        2.3215551664482317E-002   5.6512559619188309E-002  0.10731109123806132     
   140.00000000000000        2.3215551664482317E-002   6.7120240433859377E-002  0.10854695380113641     
   140.00000000000000        2.3256226319441863E-002   6.7120240433859377E-002  0.19017010925736363     
   140.00000000000000        2.3256226319441863E-002   6.7120240433859377E-002  0.19017010925736363     
   140.00000000000000        2.3256226319441863E-002   6.7120240433859377E-002  0.19017010925736363     
   140.00000000000000        2.3256226319441863E-002   6.7120240433859377E-002  0.19017010925736363     
   140.00000000000000        2.3256226319441863E-002   6.7120240433859377E-002  0.19017010925736363     
   140.00000000000000        2.3256226319441863E-002   6.7120240433859377E-002  0.19017010925736363     
   140.00000000000000        2.3256226319441863E-002   6.7120240433859377E-002  0.19017010925736363     
   140.00000000000000        2.3265555108981147E-002   6.7120240433859377E-002  0.19017010925736363     
   140.00000000000000        2.3265555108981147E-002   6.7120240433859377E-002  0.19017010925736363     
   150.00000000000000        2.2034645383508359E-002   3.8455809220480683E-002   2.0474118147703214E-002
   150.00000000000000        2.2200745780246074E-002   3.8455809220480683E-002   2.9686769664070734E-002
   150.00000000000000        2.2303122805037792E-002   3.8779277736109993E-002   2.9686769664070734E-002
   150.00000000000000        2.2303122805037792E-002   3.8779277736109993E-002   2.9686769664070734E-002
   150.00000000000000        2.2303122805037792E-002   3.8779277736109993E-002   2.9686769664070734E-002
   150.00000000000000        2.2303122805037792E-002   3.8779277736109993E-002   2.9686769664070734E-002
   150.00000000000000        2.2410144495492675E-002   3.8779277736109993E-002   2.9733130209290144E-002
   150.00000000000000        2.2410144495492675E-002   3.8779277736109993E-002   3.0194922352642810E-002
   150.00000000000000        2.2410144495492675E-002   3.8839324860203528E-002   3.0194922352642810E-002
   150.00000000000000        2.3512798702966551E-002   5.5379168556531182E-002  0.10101571228577187     
   150.00000000000000        2.3512798702966551E-002   6.4292711009923120E-002  0.10163639541131898     
   150.00000000000000        2.3738966406928151E-002   6.4292711009923120E-002  0.16994109921952152     
   150.00000000000000        2.3738966406928151E-002   6.5161219737211895E-002  0.16994109921952152     
   150.00000000000000        2.3738966406928151E-002   6.5161219737211895E-002  0.16994109921952152     
   150.00000000000000        2.3738966406928151E-002   6.5161219737211895E-002  0.16994109921952152     
   150.00000000000000        2.3738966406928151E-002   6.5161219737211895E-002  0.16994109921952152     
   150.00000000000000        2.3738966406928151E-002   6.5161219737211895E-002  0.16994109921952152     
   150.00000000000000        2.3738966406928151E-002   6.5161219737211895E-002  0.16994109921952152     
   150.00000000000000        2.3738966406928151E-002   6.5161219737211895E-002  0.16994109921952152     
   150.00000000000000        2.3738966406928151E-002   6.5161219737211895E-002  0.16994109921952152     
   160.00000000000000        2.2032765576147750E-002   3.8439955313708397E-002   2.0438279091664475E-002
   160.00000000000000        2.2198353874873355E-002   3.8439955313708397E-002   2.9620636979080645E-002
   160.00000000000000        2.2300884745146236E-002   3.8757263803698684E-002   2.9620636979080645E-002
   160.00000000000000        2.2300884745146236E-002   3.8757263803698684E-002   2.9620636979080645E-002
   160.00000000000000        2.2300884745146236E-002   3.8757263803698684E-002   2.9620636979080645E-002
   160.00000000000000        2.2300884745146236E-002   3.8757263803698684E-002   2.9620636979080645E-002
   160.00000000000000        2.2410074488323987E-002   3.8757263803698684E-002   2.9788686585748445E-002
   160.00000000000000        2.2410074488323987E-002   3.8757263803698684E-002   2.9788686585748445E-002
   160.00000000000000        2.2410074488323987E-002   3.8757263803698684E-002   3.0544521005510691E-002
   160.00000000000000        2.3741539601180046E-002   5.4890361971920348E-002   9.6675476115769085E-002
   160.00000000000000        2.3741539601180046E-002   6.2013968720381028E-002   9.6986103826852771E-002
   160.00000000000000        2.4148556562960562E-002   6.2013968720381028E-002  0.15621892372536531     
   160.00000000000000        2.4148556562960562E-002   6.3991076185969178E-002  0.15621892372536531     
   160.00000000000000        2.4148556562960562E-002   6.3991076185969178E-002  0.15621892372536531     
   160.00000000000000        2.4148556562960562E-002   6.3991076185969178E-002  0.15621892372536531     
   160.00000000000000        2.4148556562960562E-002   6.3991076185969178E-002  0.15621892372536531     
   160.00000000000000        2.4148556562960562E-002   6.3991076185969178E-002  0.15621892372536531     
   160.00000000000000        2.4148556562960562E-002   6.3991076185969178E-002  0.15621892372536531     
   160.00000000000000        2.4148556562960562E-002   6.4075624757889527E-002  0.15621892372536531     
   160.00000000000000        2.4148556562960562E-002   6.4075624757889527E-002  0.15621892372536531     
   170.00000000000000        2.2031542509959669E-002   3.8429553538534181E-002   2.0414884993121715E-002
   170.00000000000000        2.2196785360359683E-002   3.8429553538534181E-002   2.9577130310012075E-002
   170.00000000000000        2.2299382046735296E-002   3.8742717949527279E-002   2.9577130310012075E-002
   170.00000000000000        2.2299382046735296E-002   3.8742717949527279E-002   2.9577130310012075E-002
   170.00000000000000        2.2299382046735296E-002   3.8742717949527279E-002   2.9577130310012075E-002
   170.00000000000000        2.2299382046735296E-002   3.8742717949527279E-002   2.9577130310012075E-002
   170.00000000000000        2.2409533052715657E-002   3.8742717949527279E-002   2.9820166105655830E-002
   170.00000000000000        2.2409533052715657E-002   3.8742717949527279E-002   2.9820166105655830E-002
   170.00000000000000        2.2409533052715657E-002   3.8742717949527279E-002   3.1161163972067182E-002
   170.00000000000000        2.3885109497301705E-002   5.4607394555094266E-002   9.4373638863270812E-002
   170.00000000000000        2.3885109497301705E-002   6.0532421597921202E-002   9.4548791388166312E-002
   170.00000000000000        2.4422756621075424E-002   6.0538488856866794E-002  0.14831751515981451     
   170.00000000000000        2.4422756621075424E-002   6.3276430372845374E-002  0.14831751515981451     
   170.00000000000000        2.4422756621075424E-002   6.3281326165886220E-002  0.14831751515981451     
   170.00000000000000        2.4422756621075424E-002   6.3281326165886220E-002  0.14831751515981451     
   170.00000000000000        2.4422756621075424E-002   6.3283110646201138E-002  0.14831751515981451     
   170.00000000000000        2.4422756621075424E-002   6.3283110646201138E-002  0.14831751515981451     
   170.00000000000000        2.4422756621075424E-002   6.3283110646201138E-002  0.14831751515981451     
   170.00000000000000        2.4422756621075424E-002   6.3463001456150414E-002  0.14831751515981451     
   170.00000000000000        2.4422756621075424E-002   6.3463001456150414E-002  0.14831751515981451     
   180.00000000000000        2.2031127630920709E-002   3.8425941080676845E-002   2.0406755671080655E-002
   180.00000000000000        2.2196248336458797E-002   3.8425941080676845E-002   2.9561956299697188E-002
   180.00000000000000        2.2298862639177554E-002   3.8737644779000956E-002   2.9561956299697188E-002
   180.00000000000000        2.2298862639177554E-002   3.8737644779000956E-002   2.9561956299697188E-002
   180.00000000000000        2.2298862639177554E-002   3.8737644779000956E-002   2.9561956299697188E-002
   180.00000000000000        2.2298862639177554E-002   3.8737644779000956E-002   2.9561956299697188E-002
   180.00000000000000        2.2409264409404984E-002   3.8737644779000956E-002   2.9830257639945009E-002
   180.00000000000000        2.2409264409404984E-002   3.8737644779000956E-002   2.9830257639945009E-002
   180.00000000000000        2.2409264409404984E-002   3.8737644779000956E-002   3.1363551387141302E-002
   180.00000000000000        2.3933999643641620E-002   5.4508084831979116E-002   9.3610476997139924E-002
   180.00000000000000        2.3933999643641620E-002   6.0018843404671944E-002   9.3748950788085844E-002
   180.00000000000000        2.4519170432141274E-002   6.0346650481846030E-002  0.14574313380493015     
   180.00000000000000        2.4519170432141274E-002   6.3035467622148025E-002  0.14574313380493015     
   180.00000000000000        2.4519170432141274E-002   6.3069750496508217E-002  0.14574313380493015     
   180.00000000000000        2.4520618470696854E-002   6.3069750496508217E-002  0.14574313380493015     
   180.00000000000000        2.4520618470696854E-002   6.3069750496508217E-002  0.14574313380493015     
   180.00000000000000        2.4520618470696854E-002   6.3069750496508217E-002  0.14574313380493015     
   180.00000000000000        2.4520618470696854E-002   6.3069750496508217E-002  0.14574313380493015     
   180.00000000000000        2.4529645035565713E-002   6.3258141041958052E-002  0.14574313380493015     
   180.00000000000000        2.4529645035565713E-002   6.3258141041958052E-002  0.14574313380493015     
   190.00000000000000        2.2031572877426270E-002   3.8429592364108214E-002   2.0414876113200222E-002
   190.00000000000000        2.2196815032764258E-002   3.8429592364108214E-002   2.9577110974815187E-002
   190.00000000000000        2.2299414397440893E-002   3.8742756900855532E-002   2.9577110974815187E-002
   190.00000000000000        2.2299414397440893E-002   3.8742756900855532E-002   2.9577110974815187E-002
   190.00000000000000        2.2299414397440893E-002   3.8742756900855532E-002   2.9577110974815187E-002
   190.00000000000000        2.2299414397440893E-002   3.8742756900855532E-002   2.9577110974815187E-002
   190.00000000000000        2.2409556143328770E-002   3.8742756900855532E-002   2.9820148300002278E-002
   190.00000000000000        2.2409556143328770E-002   3.8742756900855532E-002   2.9820148300002278E-002
   190.00000000000000        2.2409556143328770E-002   3.8742756900855532E-002   3.1161154826111297E-002
   190.00000000000000        2.3885140569144463E-002   5.4607424838284416E-002   9.4373623451576294E-002
   190.00000000000000        2.3885140569144463E-002   6.0532449943923747E-002   9.4548779240909389E-002
   190.00000000000000        2.4422785800527463E-002   6.0538555488514605E-002  0.14831750565445229     
   190.00000000000000        2.4422785800527463E-002   6.3276454701604465E-002  0.14831750565445229     
   190.00000000000000        2.4422785800527463E-002   6.3281361838595868E-002  0.14831750565445229     
   190.00000000000000        2.4422785800527463E-002   6.3281361838595868E-002  0.14831750565445229     
   190.00000000000000        2.4422785800527463E-002   6.3283137408816026E-002  0.14831750565445229     
   190.00000000000000        2.4422785800527463E-002   6.3283137408816026E-002  0.14831750565445229     
   190.00000000000000        2.4422785800527463E-002   6.3283137408816026E-002  0.14831750565445229     
   190.00000000000000        2.4422785800527463E-002   6.3463038593881554E-002  0.14831750565445229     
   190.00000000000000        2.4422785800527463E-002   6.3463038593881554E-002  0.14831750565445229     
   200.00000000000000        2.2032823849262344E-002   3.8440053907748413E-002   2.0438260424865125E-002
   200.00000000000000        2.2198410858423580E-002   3.8440053907748413E-002   2.9620596209504173E-002
   200.00000000000000        2.2300946823763101E-002   3.8757362698141042E-002   2.9620596209504173E-002
   200.00000000000000        2.2300946823763101E-002   3.8757362698141042E-002   2.9620596209504173E-002
   200.00000000000000        2.2300946823763101E-002   3.8757362698141042E-002   2.9620596209504173E-002
   200.00000000000000        2.2300946823763101E-002   3.8757362698141042E-002   2.9620596209504173E-002
   200.00000000000000        2.2410118932857780E-002   3.8757362698141042E-002   2.9788648794416180E-002
   200.00000000000000        2.2410118932857780E-002   3.8757362698141042E-002   2.9788648794416180E-002
   200.00000000000000        2.2410118932857780E-002   3.8757362698141042E-002   3.0544502080620827E-002
   200.00000000000000        2.3741599558965657E-002   5.4890443159350294E-002   9.6675442077367862E-002
   200.00000000000000        2.3741599558965657E-002   6.2014051586636594E-002   9.6986079150795282E-002
   200.00000000000000        2.4148612920144110E-002   6.2014051586636594E-002  0.15621889133841002     
   200.00000000000000        2.4148612920144110E-002   6.3991149488382637E-002  0.15621889133841002     
   200.00000000000000        2.4148612920144110E-002   6.3991149488382637E-002  0.15621889133841002     
   200.00000000000000        2.4148612920144110E-002   6.3991149488382637E-002  0.15621889133841002     
   200.00000000000000        2.4148612920144110E-002   6.3991149488382637E-002  0.15621889133841002     
   200.00000000000000        2.4148612920144110E-002   6.3991149488382637E-002  0.15621889133841002     
   200.00000000000000        2.4148612920144110E-002   6.3991149488382637E-002  0.15621889133841002     
   200.00000000000000        2.4148612920144110E-002   6.4075728286314956E-002  0.15621889133841002     
   200.00000000000000        2.4148612920144110E-002   6.4075728286314956E-002  0.15621889133841002     
   210.00000000000000        2.2034726596495788E-002   3.8456004044067377E-002   2.0474087367987136E-002
   210.00000000000000        2.2200825298984882E-002   3.8456004044067377E-002   2.9686702685038278E-002
   210.00000000000000        2.2303209332336531E-002   3.8779473068341369E-002   2.9686702685038278E-002
   210.00000000000000        2.2303209332336531E-002   3.8779473068341369E-002   2.9686702685038278E-002
   210.00000000000000        2.2303209332336531E-002   3.8779473068341369E-002   2.9686702685038278E-002
   210.00000000000000        2.2303209332336531E-002   3.8779473068341369E-002   2.9686702685038278E-002
   210.00000000000000        2.2410206727208830E-002   3.8779473068341369E-002   2.9733067461688072E-002
   210.00000000000000        2.2410206727208830E-002   3.8779473068341369E-002   3.0194860647604259E-002
   210.00000000000000        2.2410206727208830E-002   3.8839505863625591E-002   3.0194860647604259E-002
   210.00000000000000        2.3512882929866058E-002   5.5379328196039586E-002  0.10101565355029428     
   210.00000000000000        2.3512882929866058E-002   6.4292913171836191E-002  0.10163635909092417     
   210.00000000000000        2.3739045650719992E-002   6.4292913171836191E-002  0.16994101333084477     
   210.00000000000000        2.3739045650719992E-002   6.5161401605620714E-002  0.16994101333084477     
   210.00000000000000        2.3739045650719992E-002   6.5161401605620714E-002  0.16994101333084477     
   210.00000000000000        2.3739045650719992E-002   6.5161401605620714E-002  0.16994101333084477     
   210.00000000000000        2.3739045650719992E-002   6.5161401605620714E-002  0.16994101333084477     
   210.00000000000000        2.3739045650719992E-002   6.5161401605620714E-002  0.16994101333084477     
   210.00000000000000        2.3739045650719992E-002   6.5161401605620714E-002  0.16994101333084477     
   210.00000000000000        2.3739045650719992E-002   6.5161401605620714E-002  0.16994101333084477     
   210.00000000000000        2.3739045650719992E-002   6.5161401605620714E-002  0.16994101333084477     
   220.00000000000000        2.2037047150584427E-002   3.8475428493399542E-002   2.0518085561417175E-002
   220.00000000000000        2.2203742839748304E-002   3.8475428493399542E-002   2.9766812436474738E-002
   220.00000000000000        2.2305841908698689E-002   3.8806107306559243E-002   2.9766812436474738E-002
   220.00000000000000        2.2305841908698689E-002   3.8806107306559243E-002   2.9766812436474738E-002
   220.00000000000000        2.2305841908698689E-002   3.8806107306559243E-002   2.9803860186714201E-002
   220.00000000000000        2.2305841908698689E-002   3.8806107306559243E-002   2.9803860186714201E-002
   220.00000000000000        2.2408939337728077E-002   3.8806107306559243E-002   2.9803860186714201E-002
   220.00000000000000        2.2408939337728077E-002   3.8806107306559243E-002   3.0984697173249424E-002
   220.00000000000000        2.2408939337728077E-002   3.9466177297849160E-002   3.0984697173249424E-002
   220.00000000000000        2.3215652807473505E-002   5.6512862975365383E-002  0.10731099669148317     
   220.00000000000000        2.3215652807473505E-002   6.7120681740591423E-002  0.10854690921917608     
   220.00000000000000        2.3256321534483239E-002   6.7120681740591423E-002  0.19016991187148763     
   220.00000000000000        2.3256321534483239E-002   6.7120681740591423E-002  0.19016991187148763     
   220.00000000000000        2.3256321534483239E-002   6.7120681740591423E-002  0.19016991187148763     
   220.00000000000000        2.3256321534483239E-002   6.7120681740591423E-002  0.19016991187148763     
   220.00000000000000        2.3256321534483239E-002   6.7120681740591423E-002  0.19016991187148763     
   220.00000000000000        2.3256321534483239E-002   6.7120681740591423E-002  0.19016991187148763     
   220.00000000000000        2.3256321534483239E-002   6.7120681740591423E-002  0.19016991187148763     
   220.00000000000000        2.3265601419199873E-002   6.7120681740591423E-002  0.19016991187148763     
   220.00000000000000        2.3265601419199873E-002   6.7120681740591423E-002  0.19016991187148763     
   230.00000000000000        2.2039501164923429E-002   3.8495886237295669E-002   2.0565107012809093E-002
   230.00000000000000        2.2206788655067779E-002   3.8495886237295669E-002   2.9850590258045512E-002
   230.00000000000000        2.2308446454860433E-002   3.8833742955175672E-002   2.9850590258045512E-002
   230.00000000000000        2.2308446454860433E-002   3.8833742955175672E-002   2.9850590258045512E-002
   230.00000000000000        2.2308446454860433E-002   3.8833742955175672E-002   2.9992990066238543E-002
   230.00000000000000        2.2308446454860433E-002   3.8833742955175672E-002   2.9992990066238543E-002
   230.00000000000000        2.2405724379780133E-002   3.8833742955175672E-002   2.9992990066238543E-002
   230.00000000000000        2.2405724379780133E-002   3.8833742955175672E-002   3.1817103480698140E-002
   230.00000000000000        2.2405724379780133E-002   4.0066980243275631E-002   3.1817103480698140E-002
   230.00000000000000        2.2874348633220035E-002   5.7711001844119175E-002  0.11539827518405819     
   230.00000000000000        2.2972968814781322E-002   7.0246402831273883E-002  0.11775968448033163     
   230.00000000000000        2.2972968814781322E-002   7.0246402831273883E-002  0.21753370873606906     
   230.00000000000000        2.2974839041005515E-002   7.0246402831273883E-002  0.21753370873606906     
   230.00000000000000        2.2974839041005515E-002   7.0246402831273883E-002  0.21753370873606906     
   230.00000000000000        2.2974839041005515E-002   7.0246402831273883E-002  0.21753370873606906     
   230.00000000000000        2.3035150092978834E-002   7.0246402831273883E-002  0.21753370873606906     
   230.00000000000000        2.3035150092978834E-002   7.0246402831273883E-002  0.21753370873606906     
   230.00000000000000        2.3035150092978834E-002   7.0246402831273883E-002  0.21753370873606906     
   230.00000000000000        2.3109179986074941E-002   7.0246402831273883E-002  0.21753370873606906     
   230.00000000000000        2.3109179986074941E-002   7.0246402831273883E-002  0.21753370873606906     
   240.00000000000000        2.2041789683066155E-002   3.8514828622107145E-002   2.0609800465601406E-002
   240.00000000000000        2.2209581450409008E-002   3.8514828622107145E-002   2.9927376264549322E-002
   240.00000000000000        2.2310662560009679E-002   3.8858831656049926E-002   2.9927376264549322E-002
   240.00000000000000        2.2310662560009679E-002   3.8858831656049926E-002   2.9927376264549322E-002
   240.00000000000000        2.2310662560009679E-002   3.8858831656049926E-002   3.0157402581578875E-002
   240.00000000000000        2.2310662560009679E-002   3.8858831656049926E-002   3.0157402581578875E-002
   240.00000000000000        2.2400640502915899E-002   3.8858831656049926E-002   3.0157402581578875E-002
   240.00000000000000        2.2400640502915899E-002   3.8858831656049926E-002   3.2454654964745221E-002
   240.00000000000000        2.2400640502915899E-002   4.0545312678835661E-002   3.2454654964745221E-002
   240.00000000000000        2.2675666321518493E-002   5.8924112172443144E-002  0.12528834387186211     
   240.00000000000000        2.2822318774200677E-002   7.3520984895500047E-002  0.12963684832151107     
   240.00000000000000        2.2822318774200677E-002   7.3520984895500047E-002  0.25219465608841279     
   240.00000000000000        2.3045889238855408E-002   7.3520984895500047E-002  0.25219465608841279     
   240.00000000000000        2.3045889238855408E-002   7.3520984895500047E-002  0.25686363800357243     
   240.00000000000000        2.3045889238855408E-002   7.3520984895500047E-002  0.25686363800357243     
   240.00000000000000        2.3105638239518334E-002   7.3520984895500047E-002  0.25686363800357243     
   240.00000000000000        2.3105638239518334E-002   7.3520984895500047E-002  0.25736443413236676     
   240.00000000000000        2.3105638239518334E-002   7.3520984895500047E-002  0.25736443413236676     
   240.00000000000000        2.3183620502715756E-002   7.3520984895500047E-002  0.25736443413236676     
   240.00000000000000        2.3183620502715756E-002   7.3520984895500047E-002  0.25771680545770587     
   250.00000000000000        2.2043636318154147E-002   3.8529929858101594E-002   2.0647285248193301E-002
   250.00000000000000        2.2211784992828627E-002   3.8529929858101594E-002   2.9987570767110963E-002
   250.00000000000000        2.2312230949862819E-002   3.8878297190897866E-002   2.9987570767110963E-002
   250.00000000000000        2.2312230949862819E-002   3.8878297190897866E-002   2.9987570767110963E-002
   250.00000000000000        2.2312230949862819E-002   3.8878297190897866E-002   3.0275719936588185E-002
   250.00000000000000        2.2312230949862819E-002   3.8878297190897866E-002   3.0275719936588185E-002
   250.00000000000000        2.2394649109264940E-002   3.8878297190897866E-002   3.0275719936588185E-002
   250.00000000000000        2.2394649109264940E-002   3.8960641853373133E-002   3.2768300966049442E-002
   250.00000000000000        2.2394649109264940E-002   4.0833140831408883E-002   3.2768300966049442E-002
   250.00000000000000        2.2780363823345810E-002   6.0216179143047013E-002  0.13708675893272948     
   250.00000000000000        2.2856046673950255E-002   7.7012212191529983E-002  0.14492600234209557     
   250.00000000000000        2.2856046673950255E-002   7.8295275873115855E-002  0.29314334937449948     
   250.00000000000000        2.3188439257739831E-002   7.8891094231720457E-002  0.29314334937449948     
   250.00000000000000        2.3188439257739831E-002   7.8891094231720457E-002  0.30379997966136690     
   250.00000000000000        2.3188439257739831E-002   7.9191161114774089E-002  0.30379997966136690     
   250.00000000000000        2.3241415690542885E-002   7.9191161114774089E-002  0.30379997966136690     
   250.00000000000000        2.3241415690542885E-002   7.9191161114774089E-002  0.30459965559823043     
   250.00000000000000        2.3241415690542885E-002   7.9214708986776641E-002  0.30459965559823043     
   250.00000000000000        2.3325065628055398E-002   7.9214708986776641E-002  0.30459965559823043     
   250.00000000000000        2.3325065628055398E-002   7.9255880543387461E-002  0.30480086139531748     
   260.00000000000000        2.2044821476099746E-002   3.8539384130293765E-002   2.0673731628392100E-002
   260.00000000000000        2.2213151001865050E-002   3.8539384130293765E-002   3.0023817265036425E-002
   260.00000000000000        2.2313031836077142E-002   3.8889937858329879E-002   3.0023817265036425E-002
   260.00000000000000        2.2313031836077142E-002   3.8889937858329879E-002   3.0023817265036425E-002
   260.00000000000000        2.2313031836077142E-002   3.8889937858329879E-002   3.0334272196480411E-002
   260.00000000000000        2.2313031836077142E-002   3.8889937858329879E-002   3.0334272196480411E-002
   260.00000000000000        2.2389546578633058E-002   3.8889937858329879E-002   3.0334272196480411E-002
   260.00000000000000        2.2389546578633058E-002   3.9016296744138694E-002   3.2699285432164167E-002
   260.00000000000000        2.2389546578633058E-002   4.0906333307882008E-002   3.2699285432164167E-002
   260.00000000000000        2.3004136298953561E-002   6.1801336569514198E-002  0.15095369176138992     
   260.00000000000000        2.3004136298953561E-002   8.1125404222607486E-002  0.16484598422811178     
   260.00000000000000        2.3004136298953561E-002   8.5035767920098621E-002  0.33651469825986374     
   260.00000000000000        2.3441759443958932E-002   8.5707668276112176E-002  0.33651469825986374     
   260.00000000000000        2.3441759443958932E-002   8.5711358377911717E-002  0.35058162426752593     
   260.00000000000000        2.3441759443958932E-002   8.6088375751857057E-002  0.35058162426752593     
   260.00000000000000        2.3503853196127539E-002   8.6088375751857057E-002  0.35124859877183945     
   260.00000000000000        2.3503853196127539E-002   8.6230534108027376E-002  0.35207918966753626     
   260.00000000000000        2.3503853196127539E-002   8.6230534108027376E-002  0.35207918966753626     
   260.00000000000000        2.3542872964198495E-002   8.6230534108027376E-002  0.35219169087255370     
   260.00000000000000        2.3542872964198495E-002   8.6293657014524988E-002  0.35228773846194228     
   270.00000000000000        2.2045209295001075E-002   3.8542115970835081E-002   2.0686772022030963E-002
   270.00000000000000        2.2213547600511710E-002   3.8542115970835081E-002   3.0031835209586015E-002
   270.00000000000000        2.2313091423369194E-002   3.8892663173645876E-002   3.0031835209586015E-002
   270.00000000000000        2.2313091423369194E-002   3.8892663173645876E-002   3.0031835209586015E-002
   270.00000000000000        2.2313091423369194E-002   3.8892663173645876E-002   3.0328348655659837E-002
   270.00000000000000        2.2313091423369194E-002   3.8892663173645876E-002   3.0328348655659837E-002
   270.00000000000000        2.2387640099012208E-002   3.8892663173645876E-002   3.0328348655659837E-002
   270.00000000000000        2.2387640099012208E-002   3.8996465790024075E-002   3.2257195619488130E-002
   270.00000000000000        2.2387640099012208E-002   4.0784196851590050E-002   3.2257195619488130E-002
   270.00000000000000        2.3233545287885446E-002   6.4051829385573758E-002  0.16702229557677539     
   270.00000000000000        2.3233545287885446E-002   8.6720833153630231E-002  0.19142327640246132     
   270.00000000000000        2.3354678514354583E-002   9.2950640199333315E-002  0.37380858111413839     
   270.00000000000000        2.3786087864561163E-002   9.3060955289022348E-002  0.37380858111413839     
   270.00000000000000        2.3786087864561163E-002   9.3633640783160735E-002  0.38710676598926602     
   270.00000000000000        2.3786087864561163E-002   9.3906013318429585E-002  0.38710676598926602     
   270.00000000000000        2.3873102400637718E-002   9.3906013318429585E-002  0.38849811750270846     
   270.00000000000000        2.3873102400637718E-002   9.5041476818844700E-002  0.38849811750270846     
   270.00000000000000        2.3873102400637718E-002   9.5109668080749984E-002  0.38849811750270846     
   270.00000000000000        2.3902852126112348E-002   9.5109668080749984E-002  0.38881456663790837     
   270.00000000000000        2.3902852126112348E-002   9.5109668080749984E-002  0.38881456663790837     
   280.00000000000000        2.2044744590952455E-002   3.8537859136811251E-002   2.0685705686591810E-002
   280.00000000000000        2.2212950992006222E-002   3.8537859136811251E-002   3.0010845961917974E-002
   280.00000000000000        2.2312537625093949E-002   3.8886522750198500E-002   3.0010845961917974E-002
   280.00000000000000        2.2312537625093949E-002   3.8886522750198500E-002   3.0010845961917974E-002
   280.00000000000000        2.2312537625093949E-002   3.8886522750198500E-002   3.0261924999227460E-002
   280.00000000000000        2.2312537625093949E-002   3.8886522750198500E-002   3.0261924999227460E-002
   280.00000000000000        2.2391191759770175E-002   3.8886522750198500E-002   3.0261924999227460E-002
   280.00000000000000        2.2391191759770175E-002   3.8912288054982341E-002   3.1510490421710821E-002
   280.00000000000000        2.2391191759770175E-002   4.0520424541987093E-002   3.1510490421710821E-002
   280.00000000000000        2.3478534544983009E-002   6.7465938544448323E-002  0.18528418736823399     
   280.00000000000000        2.3478534544983009E-002   9.5124265194364954E-002  0.22986149213236107     
   280.00000000000000        2.3739299657327764E-002  0.10287530145173768       0.29577483811594629     
   280.00000000000000        2.4212860486491551E-002  0.10287530145173768       0.38665495692928392     
   280.00000000000000        2.4212860486491551E-002  0.10287530145173768       0.38958007195981526     
   280.00000000000000        2.4212860486491551E-002  0.10287530145173768       0.39361766989322505     
   280.00000000000000        2.4294757805720921E-002  0.10287530145173768       0.39361766989322505     
   280.00000000000000        2.4294757805720921E-002  0.10287530145173768       0.39439693585663466     
   280.00000000000000        2.4294757805720921E-002  0.10287530145173768       0.39447095272289034     
   280.00000000000000        2.4305454733101448E-002  0.10287530145173768       0.39447095272289034     
   280.00000000000000        2.4305454733101448E-002  0.10287530145173768       0.39450663711416412     
   290.00000000000000        2.2043526472839633E-002   3.8527465272880278E-002   2.0673394252295297E-002
   290.00000000000000        2.2211508528915944E-002   3.8527465272880278E-002   2.9966072067776135E-002
   290.00000000000000        2.2311626081078319E-002   3.8872904784819709E-002   2.9966072067776135E-002
   290.00000000000000        2.2311626081078319E-002   3.8872904784819709E-002   2.9966072067776135E-002
   290.00000000000000        2.2311626081078319E-002   3.8872904784819709E-002   3.0148657888652515E-002
   290.00000000000000        2.2311626081078319E-002   3.8872904784819709E-002   3.0148657888652515E-002
   290.00000000000000        2.2401857140050656E-002   3.8872904784819709E-002   3.0148657888652515E-002
   290.00000000000000        2.2401857140050656E-002   3.8872904784819709E-002   3.0569478418592411E-002
   290.00000000000000        2.2401857140050656E-002   4.0187821315656874E-002   3.0569478418592411E-002
   290.00000000000000        2.3747369513393391E-002   7.2506354699336639E-002  0.20547016445021693     
   290.00000000000000        2.3747369513393391E-002  0.10768857767563207       0.29497122439225010     
   290.00000000000000        2.4098496211421013E-002  0.11590933285239165       0.29502212538394540     
   290.00000000000000        2.4578538893405034E-002  0.11590933285239165       0.29502212538394540     
   290.00000000000000        2.4578538893405034E-002  0.11619576250161238       0.34697446604200943     
   290.00000000000000        2.4578538893405034E-002  0.11619576250161238       0.34697446604200943     
   290.00000000000000        2.4663353883996833E-002  0.11619576250161238       0.34697446604200943     
   290.00000000000000        2.4663353883996833E-002  0.11619576250161238       0.34697446604200943     
   290.00000000000000        2.4663353883996833E-002  0.11636386270235662       0.34697446604200943     
   290.00000000000000        2.4674791226264061E-002  0.11636386270235662       0.34697446604200943     
   290.00000000000000        2.4674791226264061E-002  0.11644273472323668       0.34697446604200943     
   300.00000000000000        2.2041672710518271E-002   3.8511812554516668E-002   2.0646836648336341E-002
   300.00000000000000        2.2209390491970845E-002   3.8511812554516668E-002   2.9895343602963621E-002
   300.00000000000000        2.2310551587178609E-002   3.8853326829051002E-002   2.9895343602963621E-002
   300.00000000000000        2.2310551587178609E-002   3.8853326829051002E-002   2.9895343602963621E-002
   300.00000000000000        2.2310551587178609E-002   3.8853326829051002E-002   2.9996566989432680E-002
   300.00000000000000        2.2310551587178609E-002   3.8853326829051002E-002   2.9996566989432680E-002
   300.00000000000000        2.2420022334627965E-002   3.8853326829051002E-002   2.9996566989432680E-002
   300.00000000000000        2.2420022334627965E-002   3.8853326829051002E-002   2.9996566989432680E-002
   300.00000000000000        2.2420022334627965E-002   3.9856301794344497E-002   2.9996566989432680E-002
   300.00000000000000        2.4041951796518694E-002   7.9011404024950604E-002  0.22734775331489451     
   300.00000000000000        2.4105445026926530E-002  0.12507755218997221       0.38429172901150899     
   300.00000000000000        2.4386917355597577E-002  0.13303516881212768       0.45494689433403696     
   300.00000000000000        2.4888744593463161E-002  0.13303516881212768       0.49691876812422286     
   300.00000000000000        2.4888744593463161E-002  0.13309475988297995       0.51910765486924459     
   300.00000000000000        2.4888744593463161E-002  0.13309475988297995       0.52389109409645640     
   300.00000000000000        2.4977144483674881E-002  0.13309475988297995       0.52389109409645640     
   300.00000000000000        2.4977144483674881E-002  0.13309475988297995       0.52389109409645640     
   300.00000000000000        2.4977144483674881E-002  0.13309475988297995       0.52389109409645640     
   300.00000000000000        2.4978700205587401E-002  0.13309475988297995       0.52389109409645640     
   300.00000000000000        2.4978700205587401E-002  0.13324775632793243       0.52389109409645640     
   310.00000000000000        2.2039422816450733E-002   3.8493115815037560E-002   2.0615201309278148E-002
   310.00000000000000        2.2206882887097594E-002   3.8493115815037560E-002   2.9815031559283982E-002
   310.00000000000000        2.2309527118020377E-002   3.8830594284143108E-002   2.9815031559283982E-002
   310.00000000000000        2.2309527118020377E-002   3.8830594284143108E-002   2.9815031559283982E-002
   310.00000000000000        2.2309527118020377E-002   3.8830594284143108E-002   2.9832155900903365E-002
   310.00000000000000        2.2309527118020377E-002   3.8830594284143108E-002   2.9832155900903365E-002
   310.00000000000000        2.2444596990144026E-002   3.8830594284143108E-002   2.9832155900903365E-002
   310.00000000000000        2.2444596990144026E-002   3.9073055513084452E-002   2.9832155900903365E-002
   310.00000000000000        2.2444596990144026E-002   3.9821602038413340E-002   2.9832155900903365E-002
   310.00000000000000        2.4354776101715058E-002   8.5672668296505300E-002  0.24983840822863071     
   310.00000000000000        2.4403976755602564E-002  0.14697230263347474       0.46595452944686960     
   310.00000000000000        2.4573042857885620E-002  0.15465416971641877       0.59210254498656345     
   310.00000000000000        2.5094694314952318E-002  0.15465416971641877       0.67647865534116958     
   310.00000000000000        2.5094694314952318E-002  0.15465416971641877       0.73487821157048883     
   310.00000000000000        2.5094694314952318E-002  0.15465416971641877       0.77672009153322163     
   310.00000000000000        2.5177396548645349E-002  0.15465416971641877       0.80777605610476677     
   310.00000000000000        2.5177396548645349E-002  0.15465416971641877       0.83157461953492939     
   310.00000000000000        2.5177396548645349E-002  0.15465416971641877       0.85031140201038080     
   310.00000000000000        2.5177396548645349E-002  0.15465416971641877       0.86540398262532536     
   310.00000000000000        2.5177396548645349E-002  0.15465416971641877       0.87780229459235082     
   320.00000000000000        2.2037046580821850E-002   3.8473497899710905E-002   2.0581138485619637E-002
   320.00000000000000        2.2204287392673661E-002   3.8473497899710905E-002   2.9731328097126565E-002
   320.00000000000000        2.2308683018914390E-002   3.8807306122682628E-002   2.9731328097126565E-002
   320.00000000000000        2.2308683018914390E-002   3.8807306122682628E-002   2.9731328097126565E-002
   320.00000000000000        2.2308683018914390E-002   3.8807306122682628E-002   2.9731328097126565E-002
   320.00000000000000        2.2308683018914390E-002   3.8807306122682628E-002   2.9731328097126565E-002
   320.00000000000000        2.2472974013603677E-002   3.8807313188093474E-002   3.0068614752731024E-002
   320.00000000000000        2.2472974013603677E-002   3.9679046594481376E-002   3.0068614752731024E-002
   320.00000000000000        2.2549759105426011E-002   4.0255460725494546E-002   3.0068614752731024E-002
   320.00000000000000        2.4940783084612460E-002   9.2023183939275596E-002  0.27121555075445158     
   320.00000000000000        2.4940783084612460E-002  0.17194550085110982       0.53508847940487836     
   320.00000000000000        2.4940783084612460E-002  0.17978780668510741       0.68100632360341040     
   320.00000000000000        2.5192967964119867E-002  0.17978780668510741       0.76607278276442548     
   320.00000000000000        2.5192967964119867E-002  0.17978780668510741       0.81900668194948423     
   320.00000000000000        2.5192967964119867E-002  0.17978780668510741       0.85416955103138437     
   320.00000000000000        2.5261865368977350E-002  0.17978780668510741       0.87884776386757923     
   320.00000000000000        2.5261865368977350E-002  0.17978780668510741       0.89695252196602049     
   320.00000000000000        2.5261865368977350E-002  0.17978780668510741       0.91071363178155817     
   320.00000000000000        2.5265757279381202E-002  0.17978780668510741       0.92147752458013987     
   320.00000000000000        2.5265757279381202E-002  0.17978780668510741       0.93009957783114250     
   330.00000000000000        2.2034829788663210E-002   3.8455259246712468E-002   2.0548640551201074E-002
   330.00000000000000        2.2201905260302513E-002   3.8455259246712468E-002   2.9653804897202436E-002
   330.00000000000000        2.2308077083414427E-002   3.8786072167304203E-002   2.9653804897202436E-002
   330.00000000000000        2.2308077083414427E-002   3.8786072167304203E-002   2.9653804897202436E-002
   330.00000000000000        2.2308077083414427E-002   3.8786072167304203E-002   2.9653804897202436E-002
   330.00000000000000        2.2308077083414427E-002   3.8786072167304203E-002   2.9653804897202436E-002
   330.00000000000000        2.2501423417644717E-002   3.8913808173744943E-002   3.0393152270469070E-002
   330.00000000000000        2.2501423417644717E-002   4.0267015597700719E-002   3.0393152270469070E-002
   330.00000000000000        2.2712292840996618E-002   4.0751645570172086E-002   3.0393152270469070E-002
   330.00000000000000        2.5540134823373365E-002   9.7632932506432235E-002  0.28993934607684818     
   330.00000000000000        2.5540134823373365E-002  0.19738741909568816       0.58987415675301547     
   330.00000000000000        2.5540134823373365E-002  0.20573932185952387       0.73980594330522365     
   330.00000000000000        2.5540134823373365E-002  0.20573932185952387       0.81796539243610744     
   330.00000000000000        2.5540134823373365E-002  0.20573932185952387       0.86333493025916375     
   330.00000000000000        2.5540134823373365E-002  0.20573932185952387       0.89219931101976568     
   330.00000000000000        2.5540134823373365E-002  0.20573932185952387       0.91189019038937580     
   330.00000000000000        2.5540134823373365E-002  0.20573932185952387       0.92605464586617492     
   330.00000000000000        2.5540134823373365E-002  0.20573932185952387       0.93666853388894689     
   330.00000000000000        2.5540134823373365E-002  0.20573932185952387       0.94487954809789920     
   330.00000000000000        2.5540134823373365E-002  0.20573932185952387       0.95138861081522064     
   340.00000000000000        2.2033039963982787E-002   3.8440529080401221E-002   2.0521986468100446E-002
   340.00000000000000        2.2200005514037505E-002   3.8440529080401221E-002   2.9591248901944867E-002
   340.00000000000000        2.2307706480763953E-002   3.8769174884942331E-002   2.9591248901944867E-002
   340.00000000000000        2.2307706480763953E-002   3.8769174884942331E-002   2.9597220347244112E-002
   340.00000000000000        2.2307706480763953E-002   3.8776320873608508E-002   2.9597220347244112E-002
   340.00000000000000        2.2307706480763953E-002   3.8776320873608508E-002   2.9597220347244112E-002
   340.00000000000000        2.2525762619335019E-002   3.9004798371128017E-002   3.0670830191758557E-002
   340.00000000000000        2.2525762619335019E-002   4.0759371920773342E-002   3.0670830191758557E-002
   340.00000000000000        2.2908551775850626E-002   4.1210987775695845E-002   3.0670830191758557E-002
   340.00000000000000        2.6031871235631714E-002  0.10205446412351013       0.30456201206263944     
   340.00000000000000        2.6031871235631714E-002  0.21973161099660826       0.62963801968782707     
   340.00000000000000        2.6031871235631714E-002  0.22866518944797956       0.77752706679569528     
   340.00000000000000        2.6031871235631714E-002  0.22866518944797956       0.84858185575942957     
   340.00000000000000        2.6031871235631714E-002  0.22866518944797956       0.88792287161461259     
   340.00000000000000        2.6031871235631714E-002  0.22866518944797956       0.91216696936823227     
   340.00000000000000        2.6031871235631714E-002  0.22866518944797956       0.92817839819201509     
   340.00000000000000        2.6031871235631714E-002  0.22866518944797956       0.93891313069558358     
   340.00000000000000        2.6031871235631714E-002  0.22866518944797956       0.94435730699387721     
   340.00000000000000        2.6031871235631714E-002  0.22866518944797956       0.94476825867595693     
   340.00000000000000        2.6031871235631714E-002  0.22866518944797956       0.94733028113818962     
   350.00000000000000        2.2031891774479936E-002   3.8431017594350997E-002   2.0504868294677712E-002
   350.00000000000000        2.2198796329489279E-002   3.8431017594350997E-002   2.9551112398674695E-002
   350.00000000000000        2.2307531956299587E-002   3.8758367982972636E-002   2.9551112398674695E-002
   350.00000000000000        2.2307531956299587E-002   3.8758367982972636E-002   2.9585251588184730E-002
   350.00000000000000        2.2307531956299587E-002   3.8788343217586591E-002   2.9585251588184730E-002
   350.00000000000000        2.2307531956299587E-002   3.8788343217586591E-002   2.9585251588184730E-002
   350.00000000000000        2.2542174041512208E-002   3.9066109429475554E-002   3.0858277959920886E-002
   350.00000000000000        2.2542174041512208E-002   4.1086928491767809E-002   3.0858277959920886E-002
   350.00000000000000        2.3041934561197668E-002   4.1535051853183770E-002   3.0858277959920886E-002
   350.00000000000000        2.6354685170431363E-002  0.10489164016696291       0.31388334494976500     
   350.00000000000000        2.6354685170431363E-002  0.23516111088238939       0.65385831588399346     
   350.00000000000000        2.6354685170431363E-002  0.24453304701063552       0.79861238775543442     
   350.00000000000000        2.6354685170431363E-002  0.24502289224342885       0.86450447341990622     
   350.00000000000000        2.6354685170431363E-002  0.24502289224342885       0.89965373205835475     
   350.00000000000000        2.6354685170431363E-002  0.24502289224342885       0.92024508310808939     
   350.00000000000000        2.6354685170431363E-002  0.24502289224342885       0.93161859503952316     
   350.00000000000000        2.6354685170431363E-002  0.24502289224342885       0.93410310483901404     
   350.00000000000000        2.6354685170431363E-002  0.24502289224342885       0.93633736936082002     
   350.00000000000000        2.6354685170431363E-002  0.24502289224342885       0.94229321896898655     
   350.00000000000000        2.6354685170431363E-002  0.24502289224342885       0.94907247212264856     
