   0.0000000000000000        2.2031380769419771E-002   3.8478043796749337E-002   2.0559379234274606E-002
   0.0000000000000000        2.2198697653713108E-002   3.8478043796749337E-002   2.9754959205698095E-002
   0.0000000000000000        2.2303074360560265E-002   3.8814321749392498E-002   2.9754959205698095E-002
   0.0000000000000000        2.2303074360560265E-002   3.8814321749392498E-002   2.9754959205698095E-002
   0.0000000000000000        2.2303074360560265E-002   3.8814321749392498E-002   2.9791213146378181E-002
   0.0000000000000000        2.2303074360560265E-002   3.8814321749392498E-002   2.9791213146378181E-002
   0.0000000000000000        2.2438818811693823E-002   3.8814321749392498E-002   2.9858223407691231E-002
   0.0000000000000000        2.2438818811693823E-002   3.8814321749392498E-002   2.9858223407691231E-002
   0.0000000000000000        2.2438818811693823E-002   3.8814321749392498E-002   2.9858223407691231E-002
   0.0000000000000000        2.2673808341308957E-002   3.9076484013677436E-002   3.1027823253737482E-002
   0.0000000000000000        2.2673808341308957E-002   3.9076484013677436E-002   3.1027823253737482E-002
   0.0000000000000000        2.2673808341308957E-002   4.1300640433478572E-002   3.1027823253737482E-002
   0.0000000000000000        2.3241732641026410E-002   4.3929570854113635E-002   9.0514594444935745E-002
   0.0000000000000000        2.3241732641026410E-002   5.8211854684816836E-002  0.14894354852405731     
   0.0000000000000000        2.3241732641026410E-002   6.3402970427265337E-002  0.39277641264694590     
   0.0000000000000000        2.3241732641026410E-002   6.3402970427265337E-002  0.43530150256553668     
   0.0000000000000000        2.3241732641026410E-002   6.3402970427265337E-002  0.43859016192705524     
   0.0000000000000000        2.3241732641026410E-002   6.3402970427265337E-002  0.43859016192705524     
   0.0000000000000000        2.3241732641026410E-002   6.3402970427265337E-002  0.43859016192705524     
   0.0000000000000000        2.3241732641026410E-002   6.3402970427265337E-002  0.43859016192705524     
   10.000000000000000        2.2037620635333655E-002   3.8480740990309396E-002   2.0561555869042202E-002
   10.000000000000000        2.2204974415048883E-002   3.8480740990309396E-002   2.9760080826344241E-002
   10.000000000000000        2.2308988676307841E-002   3.8817123193948137E-002   2.9760080826344241E-002
   10.000000000000000        2.2308988676307841E-002   3.8817123193948137E-002   2.9760080826344241E-002
   10.000000000000000        2.2308988676307841E-002   3.8817123193948137E-002   2.9798343300896379E-002
   10.000000000000000        2.2308988676307841E-002   3.8817123193948137E-002   2.9798343300896379E-002
   10.000000000000000        2.2444880979461929E-002   3.8817123193948137E-002   2.9853737369909910E-002
   10.000000000000000        2.2444880979461929E-002   3.8817123193948137E-002   2.9853737369909910E-002
   10.000000000000000        2.2444880979461929E-002   3.8817123193948137E-002   2.9853737369909910E-002
   10.000000000000000        2.2676823132890638E-002   3.9058605363551428E-002   3.0967987304081696E-002
   10.000000000000000        2.2676823132890638E-002   3.9058605363551428E-002   3.0967987304081696E-002
   10.000000000000000        2.2676823132890638E-002   4.1218792473816372E-002   3.0967987304081696E-002
   10.000000000000000        2.3226604519371918E-002   4.3845899745073462E-002   8.9899760930774800E-002
   10.000000000000000        2.3226604519371918E-002   5.7880379460258466E-002  0.14653626694099459     
   10.000000000000000        2.3226604519371918E-002   6.3042564520248548E-002  0.39294748566361698     
   10.000000000000000        2.3226604519371918E-002   6.3042564520248548E-002  0.42633232939314253     
   10.000000000000000        2.3226604519371918E-002   6.3042564520248548E-002  0.42964346060898073     
   10.000000000000000        2.3226604519371918E-002   6.3042564520248548E-002  0.42964346060898073     
   10.000000000000000        2.3226604519371918E-002   6.3042564520248548E-002  0.42964346060898073     
   10.000000000000000        2.3226604519371918E-002   6.3042564520248548E-002  0.42964346060898073     
   20.000000000000000        2.2038117042235260E-002   3.8484794580783473E-002   2.0568700607326837E-002
   20.000000000000000        2.2205488915151839E-002   3.8484794580783473E-002   2.9776664831542409E-002
   20.000000000000000        2.2309230338108034E-002   3.8821494216104556E-002   2.9776664831542409E-002
   20.000000000000000        2.2309230338108034E-002   3.8821494216104556E-002   2.9776664831542409E-002
   20.000000000000000        2.2309230338108034E-002   3.8821494216104556E-002   2.9820793126550841E-002
   20.000000000000000        2.2309230338108034E-002   3.8821494216104556E-002   2.9820793126550841E-002
   20.000000000000000        2.2443394520249502E-002   3.8821494216104556E-002   2.9843558792910837E-002
   20.000000000000000        2.2443394520249502E-002   3.8821494216104556E-002   2.9843558792910837E-002
   20.000000000000000        2.2443394520249502E-002   3.8821494216104556E-002   2.9843558792910837E-002
   20.000000000000000        2.2666725504064598E-002   3.9004344092825806E-002   3.0798601886529844E-002
   20.000000000000000        2.2666725504064598E-002   3.9004344092825806E-002   3.0798601886529844E-002
   20.000000000000000        2.2666725504064598E-002   4.0981001245491561E-002   3.0798601886529844E-002
   20.000000000000000        2.3167630053342686E-002   4.3602963695542167E-002   8.8114523018851906E-002
   20.000000000000000        2.3167630053342686E-002   5.6941564221760180E-002  0.13986600352441275     
   20.000000000000000        2.3167630053342686E-002   6.2002389776228767E-002  0.38716731731379272     
   20.000000000000000        2.3167630053342686E-002   6.2002389776228767E-002  0.40151762395120211     
   20.000000000000000        2.3167630053342686E-002   6.2002389776228767E-002  0.40501298895622312     
   20.000000000000000        2.3167630053342686E-002   6.2002389776228767E-002  0.40501298895622312     
   20.000000000000000        2.3167630053342686E-002   6.2002389776228767E-002  0.40501298895622312     
   20.000000000000000        2.3167630053342686E-002   6.2002389776228767E-002  0.40501298895622312     
   30.000000000000000        2.2038883836393627E-002   3.8491025641388933E-002   2.0579615223193883E-002
   30.000000000000000        2.2206286323314381E-002   3.8491025641388933E-002   2.9802200742907525E-002
   30.000000000000000        2.2309628210456178E-002   3.8828256038840984E-002   2.9802200742907525E-002
   30.000000000000000        2.2309628210456178E-002   3.8828256038840984E-002   2.9802200742907525E-002
   30.000000000000000        2.2309628210456178E-002   3.8828256038840984E-002   2.9855874978237891E-002
   30.000000000000000        2.2309628210456178E-002   3.8828256038840984E-002   2.9855874978237891E-002
   30.000000000000000        2.2441193227729365E-002   3.8828256038840984E-002   2.9855874978237891E-002
   30.000000000000000        2.2441193227729365E-002   3.8828256038840984E-002   2.9855874978237891E-002
   30.000000000000000        2.2441193227729365E-002   3.8828256038840984E-002   2.9855874978237891E-002
   30.000000000000000        2.2651661169229630E-002   3.8923167486470102E-002   3.0545394515084413E-002
   30.000000000000000        2.2651661169229630E-002   3.8923167486470102E-002   3.0545394515084413E-002
   30.000000000000000        2.2651661169229630E-002   4.0632075782749265E-002   3.0545394515084413E-002
   30.000000000000000        2.3079578587117362E-002   4.3236162764028058E-002   8.5305276097812008E-002
   30.000000000000000        2.3079578587117362E-002   5.5556704186679233E-002  0.13026866249408964     
   30.000000000000000        2.3079578587117362E-002   6.0414426976067741E-002  0.36449841168137742     
   30.000000000000000        2.3140235256047227E-002   6.0414426976067741E-002  0.36600020878856920     
   30.000000000000000        2.3140235256047227E-002   6.0414426976067741E-002  0.37025825103089621     
   30.000000000000000        2.3140235256047227E-002   6.0414426976067741E-002  0.37025825103089621     
   30.000000000000000        2.3140235256047227E-002   6.0414426976067741E-002  0.37025825103089621     
   30.000000000000000        2.3140235256047227E-002   6.0414426976067741E-002  0.37025825103089621     
   40.000000000000000        2.2039818760591790E-002   3.8498700144570429E-002   2.0592917859977331E-002
   40.000000000000000        2.2207267202382263E-002   3.8498700144570429E-002   2.9833777700121411E-002
   40.000000000000000        2.2310142094347868E-002   3.8836665062593811E-002   2.9833777700121411E-002
   40.000000000000000        2.2310142094347868E-002   3.8836665062593811E-002   2.9833777700121411E-002
   40.000000000000000        2.2310142094347868E-002   3.8836665062593811E-002   2.9900202610739970E-002
   40.000000000000000        2.2310142094347868E-002   3.8836665062593811E-002   2.9900202610739970E-002
   40.000000000000000        2.2438647941002973E-002   3.8836665062593811E-002   2.9900202610739970E-002
   40.000000000000000        2.2438647941002973E-002   3.8836665062593811E-002   2.9900202610739970E-002
   40.000000000000000        2.2438647941002973E-002   3.8836665062593811E-002   2.9900202610739970E-002
   40.000000000000000        2.2633904643251948E-002   3.8836665062593811E-002   3.0245772769455712E-002
   40.000000000000000        2.2633904643251948E-002   3.8836665062593811E-002   3.0245772769455712E-002
   40.000000000000000        2.2633904643251948E-002   4.0230564203478585E-002   3.0245772769455712E-002
   40.000000000000000        2.2974976302292224E-002   4.2792305297383794E-002   8.1696419832738801E-002
   40.000000000000000        2.2974976302292224E-002   5.3939565695542466E-002  0.11932294460538323     
   40.000000000000000        2.2974976302292224E-002   5.8452526408035214E-002  0.32587371969126239     
   40.000000000000000        2.3134386798529971E-002   5.8452526408035214E-002  0.32587371969126239     
   40.000000000000000        2.3134386798529971E-002   5.8452526408035214E-002  0.33178657342394885     
   40.000000000000000        2.3134386798529971E-002   5.8452526408035214E-002  0.33178657342394885     
   40.000000000000000        2.3149007190638653E-002   5.8452526408035214E-002  0.33178657342394885     
   40.000000000000000        2.3149007190638653E-002   5.8452526408035214E-002  0.33178657342394885     
   50.000000000000000        2.2040808831292020E-002   3.8506910416431984E-002   2.0606896658295269E-002
   50.000000000000000        2.2208317741643772E-002   3.8506910416431984E-002   2.9867769641181468E-002
   50.000000000000000        2.2310727690619599E-002   3.8845774386848317E-002   2.9867769641181468E-002
   50.000000000000000        2.2310727690619599E-002   3.8845774386848317E-002   2.9867769641181468E-002
   50.000000000000000        2.2310727690619599E-002   3.8845774386848317E-002   2.9949282465755091E-002
   50.000000000000000        2.2310727690619599E-002   3.8845774386848317E-002   2.9949282465755091E-002
   50.000000000000000        2.2436150514512917E-002   3.8845774386848317E-002   2.9949282465755091E-002
   50.000000000000000        2.2436150514512917E-002   3.8845774386848317E-002   2.9949282465755091E-002
   50.000000000000000        2.2436150514512917E-002   3.8845774386848317E-002   2.9949282465755091E-002
   50.000000000000000        2.2615955203506732E-002   3.8845774386848317E-002   2.9949282465755091E-002
   50.000000000000000        2.2615955203506732E-002   3.8845774386848317E-002   2.9949282465755091E-002
   50.000000000000000        2.2615955203506732E-002   3.9836909881674230E-002   2.9949282465755091E-002
   50.000000000000000        2.2866658543370968E-002   4.2371498631373232E-002   7.7556922349127186E-002
   50.000000000000000        2.2866658543370968E-002   5.2295338388407470E-002  0.10839268814021934     
   50.000000000000000        2.2866658543370968E-002   5.6295454631670412E-002  0.28587312099191170     
   50.000000000000000        2.3116539627913785E-002   5.6295454631670412E-002  0.28587312099191170     
   50.000000000000000        2.3116539627913785E-002   5.6618942772874561E-002  0.29388477148646358     
   50.000000000000000        2.3116539627913785E-002   5.6618942772874561E-002  0.29388477148646358     
   50.000000000000000        2.3157622421753472E-002   5.6618942772874561E-002  0.29388477148646358     
   50.000000000000000        2.3157622421753472E-002   5.6618942772874561E-002  0.29388477148646358     
   60.000000000000000        2.2041738818871202E-002   3.8514678393345325E-002   2.0619713088912559E-002
   60.000000000000000        2.2209317828603515E-002   3.8514678393345325E-002   2.9900242728205993E-002
   60.000000000000000        2.2311327371037824E-002   3.8854526104605436E-002   2.9900242728205993E-002
   60.000000000000000        2.2311327371037824E-002   3.8854526104605436E-002   2.9900242728205993E-002
   60.000000000000000        2.2311327371037824E-002   3.8854526104605436E-002   2.9997840993210536E-002
   60.000000000000000        2.2311327371037824E-002   3.8854526104605436E-002   2.9997840993210536E-002
   60.000000000000000        2.2434038982536146E-002   3.8854526104605436E-002   2.9997840993210536E-002
   60.000000000000000        2.2434038982536146E-002   3.8854526104605436E-002   3.0036811241440083E-002
   60.000000000000000        2.2434038982536146E-002   3.8854526104605436E-002   3.0036811241440083E-002
   60.000000000000000        2.2600056871926798E-002   3.8854526104605436E-002   3.0036811241440083E-002
   60.000000000000000        2.2600056871926798E-002   3.8854526104605436E-002   3.0120190584000037E-002
   60.000000000000000        2.2600056871926798E-002   3.9742918212406379E-002   3.0120190584000037E-002
   60.000000000000000        2.2764608747908102E-002   4.2061787241747424E-002   7.3286802708468698E-002
   60.000000000000000        2.2764608747908102E-002   5.0768770696091731E-002   9.8220854477873917E-002
   60.000000000000000        2.2764608747908102E-002   5.4091937504187233E-002  0.24810819244117110     
   60.000000000000000        2.3075965351243611E-002   5.4256806400287974E-002  0.24810819244117110     
   60.000000000000000        2.3075965351243611E-002   5.4766470247639247E-002  0.25796770765935256     
   60.000000000000000        2.3075965351243611E-002   5.4766470247639247E-002  0.25796770765935256     
   60.000000000000000        2.3137155061447513E-002   5.4766470247639247E-002  0.25796770765935256     
   60.000000000000000        2.3137155061447513E-002   5.4766470247639247E-002  0.25796770765935256     
   70.000000000000000        2.2042497734444264E-002   3.8521068641864768E-002   2.0629614641446116E-002
   70.000000000000000        2.2210146921066865E-002   3.8521068641864768E-002   2.9927399314548474E-002
   70.000000000000000        2.2311864538932823E-002   3.8861861620401790E-002   2.9927399314548474E-002
   70.000000000000000        2.2311864538932823E-002   3.8861861620401790E-002   2.9927399314548474E-002
   70.000000000000000        2.2311864538932823E-002   3.8861861620401790E-002   3.0040292720059165E-002
   70.000000000000000        2.2311864538932823E-002   3.8861861620401790E-002   3.0040292720059165E-002
   70.000000000000000        2.2432523723928715E-002   3.8861861620401790E-002   3.0040292720059165E-002
   70.000000000000000        2.2432523723928715E-002   3.8861861620401790E-002   3.0145144968151089E-002
   70.000000000000000        2.2432523723928715E-002   3.8861861620401790E-002   3.0145144968151089E-002
   70.000000000000000        2.2587793793537200E-002   3.8861861620401790E-002   3.0145144968151089E-002
   70.000000000000000        2.2587793793537200E-002   3.8861861620401790E-002   3.0709411413691969E-002
   70.000000000000000        2.2587793793537200E-002   3.9790859305220735E-002   3.0709411413691969E-002
   70.000000000000000        2.2673701615787953E-002   4.1876454464208998E-002   6.9441447962151875E-002
   70.000000000000000        2.2673701615787953E-002   4.9424503323454425E-002   8.9353462088332336E-002
   70.000000000000000        2.2673701615787953E-002   5.1949367031596819E-002  0.21355450560934586     
   70.000000000000000        2.3008702574915621E-002   5.2602746707796376E-002  0.21381146316761493     
   70.000000000000000        2.3008702574915621E-002   5.2850173476662925E-002  0.22441575079957152     
   70.000000000000000        2.3008702574915621E-002   5.2850173476662925E-002  0.22441575079957152     
   70.000000000000000        2.3080772568674881E-002   5.2850173476662925E-002  0.22441575079957152     
   70.000000000000000        2.3080772568674881E-002   5.2850173476662925E-002  0.22458673870689766     
   80.000000000000000        2.2042991236545104E-002   3.8525299213088129E-002   2.0635141420518345E-002
   80.000000000000000        2.2210697223452883E-002   3.8525299213088129E-002   2.9946015978252676E-002
   80.000000000000000        2.2312250313685115E-002   3.8866843316758388E-002   2.9946015978252676E-002
   80.000000000000000        2.2312250313685115E-002   3.8866843316758388E-002   2.9946015978252676E-002
   80.000000000000000        2.2312250313685115E-002   3.8866843316758388E-002   3.0071340851215770E-002
   80.000000000000000        2.2312250313685115E-002   3.8866843316758388E-002   3.0071340851215770E-002
   80.000000000000000        2.2431653686080077E-002   3.8866843316758388E-002   3.0071340851215770E-002
   80.000000000000000        2.2431653686080077E-002   3.8866843316758388E-002   3.0231463522579327E-002
   80.000000000000000        2.2431653686080077E-002   3.8866843316758388E-002   3.0231463522579327E-002
   80.000000000000000        2.2579864031393997E-002   3.8866843316758388E-002   3.0231463522579327E-002
   80.000000000000000        2.2579864031393997E-002   3.8866843316758388E-002   3.1242828614659310E-002
   80.000000000000000        2.2579864031393997E-002   3.9840559098949783E-002   3.1242828614659310E-002
   80.000000000000000        2.2614652616231936E-002   4.1789572739354484E-002   6.5759287962353044E-002
   80.000000000000000        2.2614652616231936E-002   4.8253460684969884E-002   8.1503428849430723E-002
   80.000000000000000        2.2614652616231936E-002   4.9939042281727686E-002  0.18280321303726951     
   80.000000000000000        2.2945618776074077E-002   5.0815178288400563E-002  0.18515649209965798     
   80.000000000000000        2.2945618776074077E-002   5.0911419031562231E-002  0.19335587474530441     
   80.000000000000000        2.2945618776074077E-002   5.0911419031562231E-002  0.19335587474530441     
   80.000000000000000        2.3018986918682306E-002   5.0911419031562231E-002  0.19335587474530441     
   80.000000000000000        2.3018986918682306E-002   5.0911419031562231E-002  0.19378784835426094     
   90.000000000000000        2.2043157159224679E-002   3.8526837450987887E-002   2.0635310731575863E-002
   90.000000000000000        2.2210891369306408E-002   3.8526837450987887E-002   2.9953834020081279E-002
   90.000000000000000        2.2312400904383804E-002   3.8868774420430303E-002   2.9953834020081279E-002
   90.000000000000000        2.2312400904383804E-002   3.8868774420430303E-002   2.9953834020081279E-002
   90.000000000000000        2.2312400904383804E-002   3.8868774420430303E-002   3.0086663848980844E-002
   90.000000000000000        2.2312400904383804E-002   3.8868774420430303E-002   3.0086663848980844E-002
   90.000000000000000        2.2431327477015262E-002   3.8868774420430303E-002   3.0086663848980844E-002
   90.000000000000000        2.2431327477015262E-002   3.8868774420430303E-002   3.0282983653075832E-002
   90.000000000000000        2.2431327477015262E-002   3.8868774420430303E-002   3.0282983653075832E-002
   90.000000000000000        2.2576070480544629E-002   3.8868774420430303E-002   3.0282983653075832E-002
   90.000000000000000        2.2576070480544629E-002   3.8868774420430303E-002   3.1646986342826935E-002
   90.000000000000000        2.2576070480544629E-002   3.9862119136307772E-002   3.1646986342826935E-002
   90.000000000000000        2.2598835380842529E-002   4.1747168983867940E-002   6.2313389312344619E-002
   90.000000000000000        2.2598835380842529E-002   4.7198806780111451E-002   7.4696206581252977E-002
   90.000000000000000        2.2598835380842529E-002   4.8105493722710654E-002  0.15601836872954358     
   90.000000000000000        2.2915966857360113E-002   4.8977360160767737E-002  0.15836607578072259     
   90.000000000000000        2.2915966857360113E-002   4.9002153628210046E-002  0.16484572694643723     
   90.000000000000000        2.2915966857360113E-002   4.9002153628210046E-002  0.16484572694643723     
   90.000000000000000        2.2982277899265099E-002   4.9002153628210046E-002  0.16484572694643723     
   90.000000000000000        2.2982277899265099E-002   4.9032626844376440E-002  0.16538700369157669     
   100.00000000000000        2.2042973077808732E-002   3.8525468685994296E-002   2.0629754895063430E-002
   100.00000000000000        2.2210693251596973E-002   3.8525468685994296E-002   2.9949854490050342E-002
   100.00000000000000        2.2312253493945767E-002   3.8867300909531478E-002   2.9949854490050342E-002
   100.00000000000000        2.2312253493945767E-002   3.8867300909531478E-002   2.9949854490050342E-002
   100.00000000000000        2.2312253493945767E-002   3.8867300909531478E-002   3.0083593346680832E-002
   100.00000000000000        2.2312253493945767E-002   3.8867300909531478E-002   3.0083593346680832E-002
   100.00000000000000        2.2431336922936758E-002   3.8867300909531478E-002   3.0083593346680832E-002
   100.00000000000000        2.2431336922936758E-002   3.8867300909531478E-002   3.0290027555571905E-002
   100.00000000000000        2.2431336922936758E-002   3.8867300909531478E-002   3.0290027555571905E-002
   100.00000000000000        2.2575506384294553E-002   3.8867300909531478E-002   3.0290027555571905E-002
   100.00000000000000        2.2575506384294553E-002   3.8867300909531478E-002   3.1856078198973674E-002
   100.00000000000000        2.2575506384294553E-002   3.9824276932796707E-002   3.1856078198973674E-002
   100.00000000000000        2.2582641602016985E-002   4.1681856149599225E-002   5.9118904062298396E-002
   100.00000000000000        2.2582641602016985E-002   4.6183344312313898E-002   6.8870441065708859E-002
   100.00000000000000        2.2582641602016985E-002   4.6476300512569194E-002  0.13305606077004545     
   100.00000000000000        2.2895301888606046E-002   4.7180361084186967E-002  0.13379580500892199     
   100.00000000000000        2.2895301888606046E-002   4.7182042406080975E-002  0.13902445847319789     
   100.00000000000000        2.2895301888606046E-002   4.7182042406080975E-002  0.13902445847319789     
   100.00000000000000        2.2948426291265821E-002   4.7182042406080975E-002  0.13902445847319789     
   100.00000000000000        2.2948426291265821E-002   4.7203550032593203E-002  0.13951955666228816     
   110.00000000000000        2.2042458714291412E-002   3.8521328227680257E-002   2.0618792489686309E-002
   110.00000000000000        2.2210114001749132E-002   3.8521328227680257E-002   2.9934494654847391E-002
   110.00000000000000        2.2311781148057080E-002   3.8862478485615970E-002   2.9934494654847391E-002
   110.00000000000000        2.2311781148057080E-002   3.8862478485615970E-002   2.9934494654847391E-002
   110.00000000000000        2.2311781148057080E-002   3.8862478485615970E-002   3.0061660377366937E-002
   110.00000000000000        2.2311781148057080E-002   3.8862478485615970E-002   3.0061660377366937E-002
   110.00000000000000        2.2431433486324440E-002   3.8862478485615970E-002   3.0061660377366937E-002
   110.00000000000000        2.2431433486324440E-002   3.8862478485615970E-002   3.0248164378675002E-002
   110.00000000000000        2.2431433486324440E-002   3.8862478485615970E-002   3.0248164378675002E-002
   110.00000000000000        2.2576877387707660E-002   3.8862478485615970E-002   3.0248164378675002E-002
   110.00000000000000        2.2576877387707660E-002   3.8862478485615970E-002   3.1828277047823282E-002
   110.00000000000000        2.2576877387707660E-002   3.9703191105476307E-002   3.1828277047823282E-002
   110.00000000000000        2.2576877387707660E-002   4.1533619900847987E-002   5.6158887537804583E-002
   110.00000000000000        2.2576877387707660E-002   4.5139203300375755E-002   6.3895337495737947E-002
   110.00000000000000        2.2576877387707660E-002   4.5139203300375755E-002  0.11362602380155723     
   110.00000000000000        2.2895523771785269E-002   4.5509024802769561E-002  0.11362602380155723     
   110.00000000000000        2.2895523771785269E-002   4.5509024802769561E-002  0.11613626777489980     
   110.00000000000000        2.2895523771785269E-002   4.5509024802769561E-002  0.11613626777489980     
   110.00000000000000        2.2932072545362815E-002   4.5509024802769561E-002  0.11613626777489980     
   110.00000000000000        2.2932072545362815E-002   4.5509024802769561E-002  0.11646812245007536     
   120.00000000000000        2.2041673917678320E-002   3.8514891301824138E-002   2.0603417937907688E-002
   120.00000000000000        2.2209212925578425E-002   3.8514891301824138E-002   2.9909575595455755E-002
   120.00000000000000        2.2311004064254514E-002   3.8854790422329762E-002   2.9909575595455755E-002
   120.00000000000000        2.2311004064254514E-002   3.8854790422329762E-002   2.9909575595455755E-002
   120.00000000000000        2.2311004064254514E-002   3.8854790422329762E-002   3.0022884008150719E-002
   120.00000000000000        2.2311004064254514E-002   3.8854790422329762E-002   3.0022884008150719E-002
   120.00000000000000        2.2431400052393437E-002   3.8854790422329762E-002   3.0022884008150719E-002
   120.00000000000000        2.2431400052393437E-002   3.8854790422329762E-002   3.0159772582789523E-002
   120.00000000000000        2.2431400052393437E-002   3.8854790422329762E-002   3.0159772582789523E-002
   120.00000000000000        2.2578869991701493E-002   3.8854790422329762E-002   3.0159772582789523E-002
   120.00000000000000        2.2578869991701493E-002   3.8854790422329762E-002   3.1557081552190384E-002
   120.00000000000000        2.2578869991701493E-002   3.9490342704844174E-002   3.1558298166375794E-002
   120.00000000000000        2.2578869991701493E-002   4.1266285448198443E-002   5.3413955364072237E-002
   120.00000000000000        2.2578869991701493E-002   4.4031272990230526E-002   5.9625198496099180E-002
   120.00000000000000        2.2578869991701493E-002   4.4031272990230526E-002   9.7406638119289415E-002
   120.00000000000000        2.2923334813479863E-002   4.4031559439153878E-002   9.7406638119289415E-002
   120.00000000000000        2.2923334813479863E-002   4.4031559439153878E-002   9.7406638119289415E-002
   120.00000000000000        2.2923334813479863E-002   4.4031559439153878E-002   9.7406638119289415E-002
   120.00000000000000        2.2942611644544704E-002   4.4031559439153878E-002   9.7406638119289415E-002
   120.00000000000000        2.2942611644544704E-002   4.4031559439153878E-002   9.7406638119289415E-002
   130.00000000000000        2.2040711841191666E-002   3.8506920591431577E-002   2.0585204954087600E-002
   130.00000000000000        2.2208092179362468E-002   3.8506920591431577E-002   2.9878131892200292E-002
   130.00000000000000        2.2309993246423403E-002   3.8845107871298065E-002   2.9878131892200292E-002
   130.00000000000000        2.2309993246423403E-002   3.8845107871298065E-002   2.9878131892200292E-002
   130.00000000000000        2.2309993246423403E-002   3.8845107871298065E-002   2.9971705876378735E-002
   130.00000000000000        2.2309993246423403E-002   3.8845107871298065E-002   2.9971705876378735E-002
   130.00000000000000        2.2431108531770112E-002   3.8845107871298065E-002   2.9971705876378735E-002
   130.00000000000000        2.2431108531770112E-002   3.8845107871298065E-002   3.0034561675862308E-002
   130.00000000000000        2.2431108531770112E-002   3.8845107871298065E-002   3.0034561675862308E-002
   130.00000000000000        2.2580469650464084E-002   3.8845107871298065E-002   3.0034561675862308E-002
   130.00000000000000        2.2580469650464084E-002   3.8845107871298065E-002   3.1056788725227238E-002
   130.00000000000000        2.2580469650464084E-002   3.9197287735162192E-002   3.1084402923574176E-002
   130.00000000000000        2.2580469650464084E-002   4.0878713037754401E-002   5.0889366021018102E-002
   130.00000000000000        2.2580469650464084E-002   4.2868374638562162E-002   5.5961803359405440E-002
   130.00000000000000        2.2589012545562972E-002   4.2898092459189248E-002   8.4111276544999350E-002
   130.00000000000000        2.2978493642731444E-002   4.2898092459189248E-002   8.4111276544999350E-002
   130.00000000000000        2.2978493642731444E-002   4.2898092459189248E-002   8.4111276544999350E-002
   130.00000000000000        2.2978493642731444E-002   4.2898092459189248E-002   8.4111276544999350E-002
   130.00000000000000        2.2981961190476820E-002   4.2898092459189248E-002   8.4111276544999350E-002
   130.00000000000000        2.2981961190476820E-002   4.2898092459189248E-002   8.4111276544999350E-002
   140.00000000000000        2.2039687923176027E-002   3.8498376510182737E-002   2.0566131431149402E-002
   140.00000000000000        2.2206885251869687E-002   3.8498376510182737E-002   2.9844057911322896E-002
   140.00000000000000        2.2308864510860338E-002   3.8834592694907792E-002   2.9844057911322896E-002
   140.00000000000000        2.2308864510860338E-002   3.8834592694907792E-002   2.9844057911322896E-002
   140.00000000000000        2.2308864510860338E-002   3.8834592694907792E-002   2.9914529458996197E-002
   140.00000000000000        2.2308864510860338E-002   3.8834592694907792E-002   2.9914529458996197E-002
   140.00000000000000        2.2430548550249264E-002   3.8834592694907792E-002   2.9914529458996197E-002
   140.00000000000000        2.2430548550249264E-002   3.8834592694907792E-002   2.9914529458996197E-002
   140.00000000000000        2.2430548550249264E-002   3.8834592694907792E-002   2.9914529458996197E-002
   140.00000000000000        2.2581152076498908E-002   3.8834592694907792E-002   2.9914529458996197E-002
   140.00000000000000        2.2581152076498908E-002   3.8834592694907792E-002   3.0397024187162891E-002
   140.00000000000000        2.2581152076498908E-002   3.8855556468032529E-002   3.0490264304277336E-002
   140.00000000000000        2.2581152076498908E-002   4.0407120138110493E-002   4.8635075950010376E-002
   140.00000000000000        2.2581152076498908E-002   4.1705518281677852E-002   5.2877122428069301E-002
   140.00000000000000        2.2675901000050659E-002   4.2122593553516489E-002   7.3513189092854925E-002
   140.00000000000000        2.3053661636249341E-002   4.2122593553516489E-002   7.3513189092854925E-002
   140.00000000000000        2.3053661636249341E-002   4.2340894488971208E-002   7.3513189092854925E-002
   140.00000000000000        2.3053661636249341E-002   4.2340894488971208E-002   7.3513189092854925E-002
   140.00000000000000        2.3053661636249341E-002   4.2340894488971208E-002   7.3513189092854925E-002
   140.00000000000000        2.3053661636249341E-002   4.2340894488971208E-002   7.3513189092854925E-002
   150.00000000000000        2.2038725948313180E-002   3.8490300410245204E-002   2.0548344625933974E-002
   150.00000000000000        2.2205740453209992E-002   3.8490300410245204E-002   2.9811628727068010E-002
   150.00000000000000        2.2307762964366436E-002   3.8824552554575960E-002   2.9811628727068010E-002
   150.00000000000000        2.2307762964366436E-002   3.8824552554575960E-002   2.9811628727068010E-002
   150.00000000000000        2.2307762964366436E-002   3.8824552554575960E-002   2.9858896352297860E-002
   150.00000000000000        2.2307762964366436E-002   3.8824552554575960E-002   2.9858896352297860E-002
   150.00000000000000        2.2429820894441791E-002   3.8824552554575960E-002   2.9858896352297860E-002
   150.00000000000000        2.2429820894441791E-002   3.8824552554575960E-002   2.9858896352297860E-002
   150.00000000000000        2.2429820894441791E-002   3.8824552554575960E-002   2.9858896352297860E-002
   150.00000000000000        2.2580910473170478E-002   3.8824552554575960E-002   2.9858896352297860E-002
   150.00000000000000        2.2580910473170478E-002   3.8824552554575960E-002   2.9858896352297860E-002
   150.00000000000000        2.2580910473170478E-002   3.8824552554575960E-002   2.9899467822366202E-002
   150.00000000000000        2.2580910473170478E-002   4.0230323038856056E-002   4.6752424527545043E-002
   150.00000000000000        2.2610826151929029E-002   4.0634151884402399E-002   5.0411818358555835E-002
   150.00000000000000        2.2764467060370632E-002   4.1534644065637609E-002   6.5453473149880662E-002
   150.00000000000000        2.3135991764330364E-002   4.2174065561635506E-002   6.5453473149880662E-002
   150.00000000000000        2.3135991764330364E-002   4.2661956040818738E-002   6.5453473149880662E-002
   150.00000000000000        2.3135991764330364E-002   4.2661956040818738E-002   6.6276666585859595E-002
   150.00000000000000        2.3135991764330364E-002   4.2689958636011376E-002   6.6276666585859595E-002
   150.00000000000000        2.3135991764330364E-002   4.2689958636011376E-002   6.6276666585859595E-002
   160.00000000000000        2.2037942877372471E-002   3.8483684976354474E-002   2.0533895342480943E-002
   160.00000000000000        2.2204801538055728E-002   3.8483684976354474E-002   2.9784954573166177E-002
   160.00000000000000        2.2306840341753870E-002   3.8816267008405618E-002   2.9784954573166177E-002
   160.00000000000000        2.2306840341753870E-002   3.8816267008405618E-002   2.9784954573166177E-002
   160.00000000000000        2.2306840341753870E-002   3.8816267008405618E-002   2.9812409418558349E-002
   160.00000000000000        2.2306840341753870E-002   3.8816267008405618E-002   2.9812409418558349E-002
   160.00000000000000        2.2429099195697636E-002   3.8816267008405618E-002   2.9812409418558349E-002
   160.00000000000000        2.2429099195697636E-002   3.8816267008405618E-002   2.9812409418558349E-002
   160.00000000000000        2.2429099195697636E-002   3.8816267008405618E-002   2.9812409418558349E-002
   160.00000000000000        2.2580128649602151E-002   3.8816267008405618E-002   2.9812409418558349E-002
   160.00000000000000        2.2580128649602151E-002   3.8816267008405618E-002   2.9812409418558349E-002
   160.00000000000000        2.2580128649602151E-002   3.8816267008405618E-002   2.9812409418558349E-002
   160.00000000000000        2.2580128649602151E-002   4.0088136231905477E-002   4.5734553127094860E-002
   160.00000000000000        2.2695399578589310E-002   4.0088136231905477E-002   4.9011857512987159E-002
   160.00000000000000        2.2840830444682745E-002   4.1448226754273114E-002   5.9840780761821415E-002
   160.00000000000000        2.3210056819234489E-002   4.2411306555718759E-002   5.9840780761821415E-002
   160.00000000000000        2.3210056819234489E-002   4.3045487150117412E-002   5.9840780761821415E-002
   160.00000000000000        2.3210056819234489E-002   4.3045487150117412E-002   6.1481045029279043E-002
   160.00000000000000        2.3210056819234489E-002   4.3119495491571250E-002   6.1481045029279043E-002
   160.00000000000000        2.3210056819234489E-002   4.3119495491571250E-002   6.1481045029279043E-002
   170.00000000000000        2.2037434348127299E-002   3.8479348498751377E-002   2.0524476425691680E-002
   170.00000000000000        2.2204188222043082E-002   3.8479348498751377E-002   2.9767442083782184E-002
   170.00000000000000        2.2306229396050915E-002   3.8810810053048136E-002   2.9767442083782184E-002
   170.00000000000000        2.2306229396050915E-002   3.8810810053048136E-002   2.9767442083782184E-002
   170.00000000000000        2.2306229396050915E-002   3.8810810053048136E-002   2.9781576469476403E-002
   170.00000000000000        2.2306229396050915E-002   3.8810810053048136E-002   2.9781576469476403E-002
   170.00000000000000        2.2428571978890994E-002   3.8810810053048136E-002   2.9781576469476403E-002
   170.00000000000000        2.2428571978890994E-002   3.8810810053048136E-002   2.9781576469476403E-002
   170.00000000000000        2.2428571978890994E-002   3.8810810053048136E-002   2.9781576469476403E-002
   170.00000000000000        2.2579352512009290E-002   3.8810810053048136E-002   2.9781576469476403E-002
   170.00000000000000        2.2579352512009290E-002   3.8810810053048136E-002   2.9781576469476403E-002
   170.00000000000000        2.2579352512009290E-002   3.8810810053048136E-002   2.9781576469476403E-002
   170.00000000000000        2.2579352512009290E-002   3.9988614969943742E-002   4.5139484333793910E-002
   170.00000000000000        2.2750532791575798E-002   3.9988614969943742E-002   4.8201461773875021E-002
   170.00000000000000        2.2892473669422646E-002   4.1675322586453852E-002   5.6571722796415605E-002
   170.00000000000000        2.3261378793857281E-002   4.2611539641641695E-002   5.6571722796415605E-002
   170.00000000000000        2.3261378793857281E-002   4.3344411482057317E-002   5.6571722796415605E-002
   170.00000000000000        2.3261378793857281E-002   4.3344411482057317E-002   5.8716703404437853E-002
   170.00000000000000        2.3261378793857281E-002   4.3450303535149566E-002   5.8716703404437853E-002
   170.00000000000000        2.3261378793857281E-002   4.3450303535149566E-002   5.8716703404437853E-002
   180.00000000000000        2.2037262704588174E-002   3.8477829796211178E-002   2.0521202437386355E-002
   180.00000000000000        2.2203979533727925E-002   3.8477829796211178E-002   2.9761339148773019E-002
   180.00000000000000        2.2306020459227353E-002   3.8808896836996946E-002   2.9761339148773019E-002
   180.00000000000000        2.2306020459227353E-002   3.8808896836996946E-002   2.9761339148773019E-002
   180.00000000000000        2.2306020459227353E-002   3.8808896836996946E-002   2.9770779734968368E-002
   180.00000000000000        2.2306020459227353E-002   3.8808896836996946E-002   2.9770779734968368E-002
   180.00000000000000        2.2428382396216733E-002   3.8808896836996946E-002   2.9770779734968368E-002
   180.00000000000000        2.2428382396216733E-002   3.8808896836996946E-002   2.9770779734968368E-002
   180.00000000000000        2.2428382396216733E-002   3.8808896836996946E-002   2.9770779734968368E-002
   180.00000000000000        2.2579038850118308E-002   3.8808896836996946E-002   2.9770779734968368E-002
   180.00000000000000        2.2579038850118308E-002   3.8808896836996946E-002   2.9770779734968368E-002
   180.00000000000000        2.2579038850118308E-002   3.8808896836996946E-002   2.9770779734968368E-002
   180.00000000000000        2.2579038850118308E-002   3.9952867578073349E-002   4.4939339258050534E-002
   180.00000000000000        2.2769669727579416E-002   3.9952867578073349E-002   4.7931894295686339E-002
   180.00000000000000        2.2910727733213936E-002   4.1757466671486249E-002   5.5500216170345916E-002
   180.00000000000000        2.3279719218498588E-002   4.2688587328474831E-002   5.5500216170345916E-002
   180.00000000000000        2.3279719218498588E-002   4.3456256610770010E-002   5.5500216170345916E-002
   180.00000000000000        2.3279719218498588E-002   4.3456256610770010E-002   5.7814683903656072E-002
   180.00000000000000        2.3279719218498588E-002   4.3573515693799074E-002   5.7814683903656072E-002
   180.00000000000000        2.3279719218498588E-002   4.3573515693799074E-002   5.7814683903656072E-002
   190.00000000000000        2.2037449127979381E-002   3.8479318299258526E-002   2.0524462701117359E-002
   190.00000000000000        2.2204202629828446E-002   3.8479318299258526E-002   2.9767430936875637E-002
   190.00000000000000        2.2306245056210837E-002   3.8810779672602283E-002   2.9767430936875637E-002
   190.00000000000000        2.2306245056210837E-002   3.8810779672602283E-002   2.9767430936875637E-002
   190.00000000000000        2.2306245056210837E-002   3.8810779672602283E-002   2.9781564825045966E-002
   190.00000000000000        2.2306245056210837E-002   3.8810779672602283E-002   2.9781564825045966E-002
   190.00000000000000        2.2428583311561126E-002   3.8810779672602283E-002   2.9781564825045966E-002
   190.00000000000000        2.2428583311561126E-002   3.8810779672602283E-002   2.9781564825045966E-002
   190.00000000000000        2.2428583311561126E-002   3.8810779672602283E-002   2.9781564825045966E-002
   190.00000000000000        2.2579363401594613E-002   3.8810779672602283E-002   2.9781564825045966E-002
   190.00000000000000        2.2579363401594613E-002   3.8810779672602283E-002   2.9781564825045966E-002
   190.00000000000000        2.2579363401594613E-002   3.8810779672602283E-002   2.9781564825045966E-002
   190.00000000000000        2.2579363401594613E-002   3.9988587455025530E-002   4.5139475245377696E-002
   190.00000000000000        2.2750535881870711E-002   3.9988587455025530E-002   4.8201460677564270E-002
   190.00000000000000        2.2892497007714275E-002   4.1675289621706899E-002   5.6571731884444559E-002
   190.00000000000000        2.3261388725269103E-002   4.2611504369404571E-002   5.6571731884444559E-002
   190.00000000000000        2.3261388725269103E-002   4.3344374836343375E-002   5.6571731884444559E-002
   190.00000000000000        2.3261388725269103E-002   4.3344374836343375E-002   5.8716710888834844E-002
   190.00000000000000        2.3261388725269103E-002   4.3450269477467267E-002   5.8716710888834844E-002
   190.00000000000000        2.3261388725269103E-002   4.3450269477467267E-002   5.8716710888834844E-002
   200.00000000000000        2.2037970920172300E-002   3.8483629200315735E-002   2.0533869636764228E-002
   200.00000000000000        2.2204828881535119E-002   3.8483629200315735E-002   2.9784933169495004E-002
   200.00000000000000        2.2306870050000635E-002   3.8816210899438708E-002   2.9784933169495004E-002
   200.00000000000000        2.2306870050000635E-002   3.8816210899438708E-002   2.9784933169495004E-002
   200.00000000000000        2.2306870050000635E-002   3.8816210899438708E-002   2.9812387105112168E-002
   200.00000000000000        2.2306870050000635E-002   3.8816210899438708E-002   2.9812387105112168E-002
   200.00000000000000        2.2429120729782294E-002   3.8816210899438708E-002   2.9812387105112168E-002
   200.00000000000000        2.2429120729782294E-002   3.8816210899438708E-002   2.9812387105112168E-002
   200.00000000000000        2.2429120729782294E-002   3.8816210899438708E-002   2.9812387105112168E-002
   200.00000000000000        2.2580149347384244E-002   3.8816210899438708E-002   2.9812387105112168E-002
   200.00000000000000        2.2580149347384244E-002   3.8816210899438708E-002   2.9812387105112168E-002
   200.00000000000000        2.2580149347384244E-002   3.8816210899438708E-002   2.9812387105112168E-002
   200.00000000000000        2.2580149347384244E-002   4.0088084984065901E-002   4.5734534892491192E-002
   200.00000000000000        2.2695405621284321E-002   4.0088084984065901E-002   4.9011855309479879E-002
   200.00000000000000        2.2840874671742430E-002   4.1448166399282491E-002   5.9840796558580295E-002
   200.00000000000000        2.3210075476275575E-002   4.2411241740163801E-002   5.9840796558580295E-002
   200.00000000000000        2.3210075476275575E-002   4.3045420143158708E-002   5.9840796558580295E-002
   200.00000000000000        2.3210075476275575E-002   4.3045420143158708E-002   6.1481058630375243E-002
   200.00000000000000        2.3210075476275575E-002   4.3119433218871586E-002   6.1481058630375243E-002
   200.00000000000000        2.3210075476275575E-002   4.3119433218871586E-002   6.1481058630375243E-002
   210.00000000000000        2.2038764314426893E-002   3.8490227308308929E-002   2.0548310074413701E-002
   210.00000000000000        2.2205777875665682E-002   3.8490227308308929E-002   2.9811598865332845E-002
   210.00000000000000        2.2307803598295154E-002   3.8824479022807008E-002   2.9811598865332845E-002
   210.00000000000000        2.2307803598295154E-002   3.8824479022807008E-002   2.9811598865332845E-002
   210.00000000000000        2.2307803598295154E-002   3.8824479022807008E-002   2.9858865312755018E-002
   210.00000000000000        2.2307803598295154E-002   3.8824479022807008E-002   2.9858865312755018E-002
   210.00000000000000        2.2429850420829355E-002   3.8824479022807008E-002   2.9858865312755018E-002
   210.00000000000000        2.2429850420829355E-002   3.8824479022807008E-002   2.9858865312755018E-002
   210.00000000000000        2.2429850420829355E-002   3.8824479022807008E-002   2.9858865312755018E-002
   210.00000000000000        2.2580938868649349E-002   3.8824479022807008E-002   2.9858865312755018E-002
   210.00000000000000        2.2580938868649349E-002   3.8824479022807008E-002   2.9858865312755018E-002
   210.00000000000000        2.2580938868649349E-002   3.8824479022807008E-002   2.9899439534910328E-002
   210.00000000000000        2.2580938868649349E-002   4.0230254966410563E-002   4.6752400045234871E-002
   210.00000000000000        2.2610834807043421E-002   4.0634084932712304E-002   5.0411817923455927E-002
   210.00000000000000        2.2764527451531028E-002   4.1534567111673804E-002   6.5453491551935736E-002
   210.00000000000000        2.3136016901557230E-002   4.2173981111020907E-002   6.5453491551935736E-002
   210.00000000000000        2.3136016901557230E-002   4.2661869399755671E-002   6.5453491551935736E-002
   210.00000000000000        2.3136016901557230E-002   4.2661869399755671E-002   6.6276683615813278E-002
   210.00000000000000        2.3136016901557230E-002   4.2689878099735519E-002   6.6276683615813278E-002
   210.00000000000000        2.3136016901557230E-002   4.2689878099735519E-002   6.6276683615813278E-002
   220.00000000000000        2.2039732456545450E-002   3.8498296307019793E-002   2.0566091757610736E-002
   220.00000000000000        2.2206928709948757E-002   3.8498296307019793E-002   2.9844022030992949E-002
   220.00000000000000        2.2308911661916744E-002   3.8834512040563166E-002   2.9844022030992949E-002
   220.00000000000000        2.2308911661916744E-002   3.8834512040563166E-002   2.9844022030992949E-002
   220.00000000000000        2.2308911661916744E-002   3.8834512040563166E-002   2.9914492292323625E-002
   220.00000000000000        2.2308911661916744E-002   3.8834512040563166E-002   2.9914492292323625E-002
   220.00000000000000        2.2430582916028879E-002   3.8834512040563166E-002   2.9914492292323625E-002
   220.00000000000000        2.2430582916028879E-002   3.8834512040563166E-002   2.9914492292323625E-002
   220.00000000000000        2.2430582916028879E-002   3.8834512040563166E-002   2.9914492292323625E-002
   220.00000000000000        2.2581185149252080E-002   3.8834512040563166E-002   2.9914492292323625E-002
   220.00000000000000        2.2581185149252080E-002   3.8834512040563166E-002   3.0396985203109267E-002
   220.00000000000000        2.2581185149252080E-002   3.8855477033985328E-002   3.0490229448146045E-002
   220.00000000000000        2.2581185149252080E-002   4.0407045402801170E-002   4.8635042559509185E-002
   220.00000000000000        2.2581185149252080E-002   4.1705442205752223E-002   5.2877120980452740E-002
   220.00000000000000        2.2675970946113320E-002   4.2122509116758321E-002   7.3513205494248363E-002
   220.00000000000000        2.3053690298398065E-002   4.2122509116758321E-002   7.3513205494248363E-002
   220.00000000000000        2.3053690298398065E-002   4.2340800636972951E-002   7.3513205494248363E-002
   220.00000000000000        2.3053690298398065E-002   4.2340800636972951E-002   7.3513205494248363E-002
   220.00000000000000        2.3053690298398065E-002   4.2340800636972951E-002   7.3513205494248363E-002
   220.00000000000000        2.3053690298398065E-002   4.2340800636972951E-002   7.3513205494248363E-002
   230.00000000000000        2.2040757510639157E-002   3.8506843679116012E-002   2.0585163261479272E-002
   230.00000000000000        2.2208136768700221E-002   3.8506843679116012E-002   2.9878092327292900E-002
   230.00000000000000        2.2310041585031696E-002   3.8845030570134130E-002   2.9878092327292900E-002
   230.00000000000000        2.2310041585031696E-002   3.8845030570134130E-002   2.9878092327292900E-002
   230.00000000000000        2.2310041585031696E-002   3.8845030570134130E-002   2.9971665043955893E-002
   230.00000000000000        2.2310041585031696E-002   3.8845030570134130E-002   2.9971665043955893E-002
   230.00000000000000        2.2431143881032439E-002   3.8845030570134130E-002   2.9971665043955893E-002
   230.00000000000000        2.2431143881032439E-002   3.8845030570134130E-002   3.0034521773571774E-002
   230.00000000000000        2.2431143881032439E-002   3.8845030570134130E-002   3.0034521773571774E-002
   230.00000000000000        2.2580503701879803E-002   3.8845030570134130E-002   3.0034521773571774E-002
   230.00000000000000        2.2580503701879803E-002   3.8845030570134130E-002   3.1056747306232250E-002
   230.00000000000000        2.2580503701879803E-002   3.9197212125645649E-002   3.1084363905381093E-002
   230.00000000000000        2.2580503701879803E-002   4.0878640621330911E-002   5.0889324291301642E-002
   230.00000000000000        2.2580503701879803E-002   4.2868298582037175E-002   5.5961801596402530E-002
   230.00000000000000        2.2589084139204317E-002   4.2898011038656557E-002   8.4111287205526172E-002
   230.00000000000000        2.2978522537373269E-002   4.2898011038656557E-002   8.4111287205526172E-002
   230.00000000000000        2.2978522537373269E-002   4.2898011038656557E-002   8.4111287205526172E-002
   230.00000000000000        2.2978522537373269E-002   4.2898011038656557E-002   8.4111287205526172E-002
   230.00000000000000        2.2981978374166587E-002   4.2898011038656557E-002   8.4111287205526172E-002
   230.00000000000000        2.2981978374166587E-002   4.2898011038656557E-002   8.4111287205526172E-002
   240.00000000000000        2.2041715304488747E-002   3.8514826720632819E-002   2.0603375471575258E-002
   240.00000000000000        2.2209253354914242E-002   3.8514826720632819E-002   2.9909533605532418E-002
   240.00000000000000        2.2311047858162784E-002   3.8854725593503003E-002   2.9909533605532418E-002
   240.00000000000000        2.2311047858162784E-002   3.8854725593503003E-002   2.9909533605532418E-002
   240.00000000000000        2.2311047858162784E-002   3.8854725593503003E-002   3.0022840829652165E-002
   240.00000000000000        2.2311047858162784E-002   3.8854725593503003E-002   3.0022840829652165E-002
   240.00000000000000        2.2431432182676979E-002   3.8854725593503003E-002   3.0022840829652165E-002
   240.00000000000000        2.2431432182676979E-002   3.8854725593503003E-002   3.0159730162594375E-002
   240.00000000000000        2.2431432182676979E-002   3.8854725593503003E-002   3.0159730162594375E-002
   240.00000000000000        2.2578900977088198E-002   3.8854725593503003E-002   3.0159730162594375E-002
   240.00000000000000        2.2578900977088198E-002   3.8854725593503003E-002   3.1557038937902591E-002
   240.00000000000000        2.2578900977088198E-002   3.9490279951600205E-002   3.1558256041225766E-002
   240.00000000000000        2.2578900977088198E-002   4.1266224637013238E-002   5.3413904896064325E-002
   240.00000000000000        2.2578900977088198E-002   4.4031206734421381E-002   5.9625197098130842E-002
   240.00000000000000        2.2578900977088198E-002   4.4031206734421381E-002   9.7406640182918058E-002
   240.00000000000000        2.2923360649216216E-002   4.4031494651304813E-002   9.7406640182918058E-002
   240.00000000000000        2.2923360649216216E-002   4.4031494651304813E-002   9.7406640182918058E-002
   240.00000000000000        2.2923360649216216E-002   4.4031494651304813E-002   9.7406640182918058E-002
   240.00000000000000        2.2942627027151063E-002   4.4031494651304813E-002   9.7406640182918058E-002
   240.00000000000000        2.2942627027151063E-002   4.4031494651304813E-002   9.7406640182918058E-002
   250.00000000000000        2.2042490624791713E-002   3.8521282648213397E-002   2.0618747947032352E-002
   250.00000000000000        2.2210145190869116E-002   3.8521282648213397E-002   2.9934449799828282E-002
   250.00000000000000        2.2311814910418337E-002   3.8862432857258121E-002   2.9934449799828282E-002
   250.00000000000000        2.2311814910418337E-002   3.8862432857258121E-002   2.9934449799828282E-002
   250.00000000000000        2.2311814910418337E-002   3.8862432857258121E-002   3.0061614390322705E-002
   250.00000000000000        2.2311814910418337E-002   3.8862432857258121E-002   3.0061614390322705E-002
   250.00000000000000        2.2431458325724581E-002   3.8862432857258121E-002   3.0061614390322705E-002
   250.00000000000000        2.2431458325724581E-002   3.8862432857258121E-002   3.0248118773232406E-002
   250.00000000000000        2.2431458325724581E-002   3.8862432857258121E-002   3.0248118773232406E-002
   250.00000000000000        2.2576901373373100E-002   3.8862432857258121E-002   3.0248118773232406E-002
   250.00000000000000        2.2576901373373100E-002   3.8862432857258121E-002   3.1828231227717045E-002
   250.00000000000000        2.2576901373373100E-002   3.9703147750168678E-002   3.1828231227717045E-002
   250.00000000000000        2.2576901373373100E-002   4.1533578509695426E-002   5.6158826383024919E-002
   250.00000000000000        2.2576901373373100E-002   4.5139156691848224E-002   6.3895338442213678E-002
   250.00000000000000        2.2576901373373100E-002   4.5139156691848224E-002  0.11362601638224339     
   250.00000000000000        2.2895543554526686E-002   4.5508980110644685E-002  0.11362601638224339     
   250.00000000000000        2.2895543554526686E-002   4.5508980110644685E-002  0.11613625888981212     
   250.00000000000000        2.2895543554526686E-002   4.5508980110644685E-002  0.11613625888981212     
   250.00000000000000        2.2932084378897603E-002   4.5508980110644685E-002  0.11613625888981212     
   250.00000000000000        2.2932084378897603E-002   4.5508980110644685E-002  0.11646811539227929     
   260.00000000000000        2.2042991220185049E-002   3.8525445867209678E-002   2.0629704675029344E-002
   260.00000000000000        2.2210710994447918E-002   3.8525445867209678E-002   2.9949804669835559E-002
   260.00000000000000        2.2312272694938601E-002   3.8867278265426790E-002   2.9949804669835559E-002
   260.00000000000000        2.2312272694938601E-002   3.8867278265426790E-002   2.9949804669835559E-002
   260.00000000000000        2.2312272694938601E-002   3.8867278265426790E-002   3.0083542355681999E-002
   260.00000000000000        2.2312272694938601E-002   3.8867278265426790E-002   3.0083542355681999E-002
   260.00000000000000        2.2431351069277586E-002   3.8867278265426790E-002   3.0083542355681999E-002
   260.00000000000000        2.2431351069277586E-002   3.8867278265426790E-002   3.0289976368044019E-002
   260.00000000000000        2.2431351069277586E-002   3.8867278265426790E-002   3.0289976368044019E-002
   260.00000000000000        2.2575520065784310E-002   3.8867278265426790E-002   3.0289976368044019E-002
   260.00000000000000        2.2575520065784310E-002   3.8867278265426790E-002   3.1856026373723020E-002
   260.00000000000000        2.2575520065784310E-002   3.9824256511587511E-002   3.1856026373723020E-002
   260.00000000000000        2.2582656570574025E-002   4.1681839622535168E-002   5.9118827690989313E-002
   260.00000000000000        2.2582656570574025E-002   4.6183326161682879E-002   6.8870448987401856E-002
   260.00000000000000        2.2582656570574025E-002   4.6476281956294031E-002  0.13305604539385613     
   260.00000000000000        2.2895313150887713E-002   4.7180343209169730E-002  0.13379569530256288     
   260.00000000000000        2.2895313150887713E-002   4.7182025212889805E-002  0.13902444044645623     
   260.00000000000000        2.2895313150887713E-002   4.7182025212889805E-002  0.13902444044645623     
   260.00000000000000        2.2948433066875499E-002   4.7182025212889805E-002  0.13902444044645623     
   260.00000000000000        2.2948433066875499E-002   4.7203531078199544E-002  0.13951954077420975     
   270.00000000000000        2.2043158792220595E-002   3.8526838044237295E-002   2.0635250103793013E-002
   270.00000000000000        2.2210892972689144E-002   3.8526838044237295E-002   2.9953775974370045E-002
   270.00000000000000        2.2312402650827533E-002   3.8868775396496739E-002   2.9953775974370045E-002
   270.00000000000000        2.2312402650827533E-002   3.8868775396496739E-002   2.9953775974370045E-002
   270.00000000000000        2.2312402650827533E-002   3.8868775396496739E-002   3.0086604466809552E-002
   270.00000000000000        2.2312402650827533E-002   3.8868775396496739E-002   3.0086604466809552E-002
   270.00000000000000        2.2431328729330596E-002   3.8868775396496739E-002   3.0086604466809552E-002
   270.00000000000000        2.2431328729330596E-002   3.8868775396496739E-002   3.0282923327352440E-002
   270.00000000000000        2.2431328729330596E-002   3.8868775396496739E-002   3.0282923327352440E-002
   270.00000000000000        2.2576071695601146E-002   3.8868775396496739E-002   3.0282923327352440E-002
   270.00000000000000        2.2576071695601146E-002   3.8868775396496739E-002   3.1646925135052885E-002
   270.00000000000000        2.2576071695601146E-002   3.9862122071202703E-002   3.1646925135052885E-002
   270.00000000000000        2.2598836769517183E-002   4.1747179640521180E-002   6.2313290007049382E-002
   270.00000000000000        2.2598836769517183E-002   4.7198823416517280E-002   7.4696230145779835E-002
   270.00000000000000        2.2598836769517183E-002   4.8105509412116984E-002  0.15601834988671620     
   270.00000000000000        2.2915967857423478E-002   4.8977375756675212E-002  0.15836591399441727     
   270.00000000000000        2.2915967857423478E-002   4.9002169460208134E-002  0.16484570024904366     
   270.00000000000000        2.2915967857423478E-002   4.9002169460208134E-002  0.16484570024904366     
   270.00000000000000        2.2982278418733727E-002   4.9002169460208134E-002  0.16484570024904366     
   270.00000000000000        2.2982278418733727E-002   4.9032642795274958E-002  0.16538697939265748     
   280.00000000000000        2.2042975678240147E-002   3.8525320849789005E-002   2.0635066471805099E-002
   280.00000000000000        2.2210682010846503E-002   3.8525320849789005E-002   2.9945946067252566E-002
   280.00000000000000        2.2312233884636237E-002   3.8866865493093067E-002   2.9945946067252566E-002
   280.00000000000000        2.2312233884636237E-002   3.8866865493093067E-002   2.9945946067252566E-002
   280.00000000000000        2.2312233884636237E-002   3.8866865493093067E-002   3.0071269351572408E-002
   280.00000000000000        2.2312233884636237E-002   3.8866865493093067E-002   3.0071269351572408E-002
   280.00000000000000        2.2431641471548414E-002   3.8866865493093067E-002   3.0071269351572408E-002
   280.00000000000000        2.2431641471548414E-002   3.8866865493093067E-002   3.0231390236655060E-002
   280.00000000000000        2.2431641471548414E-002   3.8866865493093067E-002   3.0231390236655060E-002
   280.00000000000000        2.2579852181658842E-002   3.8866865493093067E-002   3.0231390236655060E-002
   280.00000000000000        2.2579852181658842E-002   3.8866865493093067E-002   3.1242754253201908E-002
   280.00000000000000        2.2579852181658842E-002   3.9840582859827688E-002   3.1242754253201908E-002
   280.00000000000000        2.2614639635083665E-002   4.1789609138673682E-002   6.5759154514361651E-002
   280.00000000000000        2.2614639635083665E-002   4.8253513779363856E-002   8.1503477793183274E-002
   280.00000000000000        2.2614639635083665E-002   4.9939094067113284E-002  0.18280319484490873     
   280.00000000000000        2.2945608695137860E-002   5.0815233218854436E-002  0.18515625064943850     
   280.00000000000000        2.2945608695137860E-002   5.0911469691235341E-002  0.19335584003770978     
   280.00000000000000        2.2945608695137860E-002   5.0911469691235341E-002  0.19335584003770978     
   280.00000000000000        2.3018980417732392E-002   5.0911469691235341E-002  0.19335584003770978     
   280.00000000000000        2.3018980417732392E-002   5.0911469691235341E-002  0.19378781579125018     
   290.00000000000000        2.2042466507993280E-002   3.8521106383850645E-002   2.0629525131664307E-002
   290.00000000000000        2.2210116374819112E-002   3.8521106383850645E-002   2.9927315282705404E-002
   290.00000000000000        2.2311831537491937E-002   3.8861899983065502E-002   2.9927315282705404E-002
   290.00000000000000        2.2311831537491937E-002   3.8861899983065502E-002   2.9927315282705404E-002
   290.00000000000000        2.2311831537491937E-002   3.8861899983065502E-002   3.0040206899132612E-002
   290.00000000000000        2.2311831537491937E-002   3.8861899983065502E-002   3.0040206899132612E-002
   290.00000000000000        2.2432499216467030E-002   3.8861899983065502E-002   3.0040206899132612E-002
   290.00000000000000        2.2432499216467030E-002   3.8861899983065502E-002   3.0145056562520277E-002
   290.00000000000000        2.2432499216467030E-002   3.8861899983065502E-002   3.0145056562520277E-002
   290.00000000000000        2.2587769971610331E-002   3.8861899983065502E-002   3.0145056562520277E-002
   290.00000000000000        2.2587769971610331E-002   3.8861899983065502E-002   3.0709321882901642E-002
   290.00000000000000        2.2587769971610331E-002   3.9790898881834146E-002   3.0709321882901642E-002
   290.00000000000000        2.2673666714284675E-002   4.1876511098740285E-002   6.9441268989489588E-002
   290.00000000000000        2.2673666714284675E-002   4.9424588071050171E-002   8.9353543869124738E-002
   290.00000000000000        2.2673666714284675E-002   5.1949451269819494E-002  0.21355448245088288     
   290.00000000000000        2.3008673133565034E-002   5.2602841930302423E-002  0.21381109878878002     
   290.00000000000000        2.3008673133565034E-002   5.2850255273545109E-002  0.22441570279410733     
   290.00000000000000        2.3008673133565034E-002   5.2850255273545109E-002  0.22441570279410733     
   290.00000000000000        2.3080750362149349E-002   5.2850255273545109E-002  0.22441570279410733     
   290.00000000000000        2.3080750362149349E-002   5.2850255273545109E-002  0.22458669294572803     
   300.00000000000000        2.2041694757292285E-002   3.8514725687991483E-002   2.0619615598366579E-002
   300.00000000000000        2.2209274709103749E-002   3.8514725687991483E-002   2.9900147091236493E-002
   300.00000000000000        2.2311280800318488E-002   3.8854574017884405E-002   2.9900147091236493E-002
   300.00000000000000        2.2311280800318488E-002   3.8854574017884405E-002   2.9900147091236493E-002
   300.00000000000000        2.2311280800318488E-002   3.8854574017884405E-002   2.9997743623014925E-002
   300.00000000000000        2.2311280800318488E-002   3.8854574017884405E-002   2.9997743623014925E-002
   300.00000000000000        2.2434004316258329E-002   3.8854574017884405E-002   2.9997743623014925E-002
   300.00000000000000        2.2434004316258329E-002   3.8854574017884405E-002   3.0036710749015694E-002
   300.00000000000000        2.2434004316258329E-002   3.8854574017884405E-002   3.0036710749015694E-002
   300.00000000000000        2.2600023095352570E-002   3.8854574017884405E-002   3.0036710749015694E-002
   300.00000000000000        2.2600023095352570E-002   3.8854574017884405E-002   3.0120089412725287E-002
   300.00000000000000        2.2600023095352570E-002   3.9742966999546409E-002   3.0120089412725287E-002
   300.00000000000000        2.2764558564467258E-002   4.2061855455061976E-002   7.3286577064109695E-002
   300.00000000000000        2.2764558564467258E-002   5.0768875873048173E-002   9.8220973492565963E-002
   300.00000000000000        2.2764558564467258E-002   5.4092044485199393E-002  0.24810814973037532     
   300.00000000000000        2.3075922010454917E-002   5.4256935424258086E-002  0.24810814973037532     
   300.00000000000000        2.3075922010454917E-002   5.4766573276826970E-002  0.25796763611633211     
   300.00000000000000        2.3075922010454917E-002   5.4766573276826970E-002  0.25796763611633211     
   300.00000000000000        2.3137121870897306E-002   5.4766573276826970E-002  0.25796763611633211     
   300.00000000000000        2.3137121870897306E-002   5.4766573276826970E-002  0.25796763611633211     
   310.00000000000000        2.2040754844796361E-002   3.8506960492020140E-002   2.0606805163248372E-002
   310.00000000000000        2.2208264871650080E-002   3.8506960492020140E-002   2.9867672303877286E-002
   310.00000000000000        2.2310670674397660E-002   3.8845825004750395E-002   2.9867672303877286E-002
   310.00000000000000        2.2310670674397660E-002   3.8845825004750395E-002   2.9867672303877286E-002
   310.00000000000000        2.2310670674397660E-002   3.8845825004750395E-002   2.9949183871219871E-002
   310.00000000000000        2.2310670674397660E-002   3.8845825004750395E-002   2.9949183871219871E-002
   310.00000000000000        2.2436107715378028E-002   3.8845825004750395E-002   2.9949183871219871E-002
   310.00000000000000        2.2436107715378028E-002   3.8845825004750395E-002   2.9949183871219871E-002
   310.00000000000000        2.2436107715378028E-002   3.8845825004750395E-002   2.9949183871219871E-002
   310.00000000000000        2.2615913375079819E-002   3.8845825004750395E-002   2.9949183871219871E-002
   310.00000000000000        2.2615913375079819E-002   3.8845825004750395E-002   2.9949183871219871E-002
   310.00000000000000        2.2615913375079819E-002   3.9836966205105892E-002   2.9949183871219871E-002
   310.00000000000000        2.2866596128767618E-002   4.2371568318374304E-002   7.7556674040494947E-002
   310.00000000000000        2.2866596128767618E-002   5.2295449154302051E-002  0.10839284808867404     
   310.00000000000000        2.2866596128767618E-002   5.6295570776894087E-002  0.28587306990101824     
   310.00000000000000        2.3116484520417185E-002   5.6295570776894087E-002  0.28587306990101824     
   310.00000000000000        2.3116484520417185E-002   5.6619053241787794E-002  0.29388469186217125     
   310.00000000000000        2.3116484520417185E-002   5.6619053241787794E-002  0.29388469186217125     
   310.00000000000000        2.3157579534738154E-002   5.6619053241787794E-002  0.29388469186217125     
   310.00000000000000        2.3157579534738154E-002   5.6619053241787794E-002  0.29388469186217125     
   320.00000000000000        2.2039761315428112E-002   3.8498747329596718E-002   2.0592849556035797E-002
   320.00000000000000        2.2207210911137400E-002   3.8498747329596718E-002   2.9833693575630489E-002
   320.00000000000000        2.2310081468164513E-002   3.8836712666372043E-002   2.9833693575630489E-002
   320.00000000000000        2.2310081468164513E-002   3.8836712666372043E-002   2.9833693575630489E-002
   320.00000000000000        2.2310081468164513E-002   3.8836712666372043E-002   2.9900118127986285E-002
   320.00000000000000        2.2310081468164513E-002   3.8836712666372043E-002   2.9900118127986285E-002
   320.00000000000000        2.2438602092770658E-002   3.8836712666372043E-002   2.9900118127986285E-002
   320.00000000000000        2.2438602092770658E-002   3.8836712666372043E-002   2.9900118127986285E-002
   320.00000000000000        2.2438602092770658E-002   3.8836712666372043E-002   2.9900118127986285E-002
   320.00000000000000        2.2633859729526220E-002   3.8836712666372043E-002   3.0245693093630635E-002
   320.00000000000000        2.2633859729526220E-002   3.8836712666372043E-002   3.0245693093630635E-002
   320.00000000000000        2.2633859729526220E-002   4.0230616123594860E-002   3.0245693093630635E-002
   320.00000000000000        2.2974908971429810E-002   4.2792368068504658E-002   8.1696187570397469E-002
   320.00000000000000        2.2974908971429810E-002   5.3939668296417609E-002  0.11932313129997074     
   320.00000000000000        2.2974908971429810E-002   5.8452637461867206E-002  0.32587372686411303     
   320.00000000000000        2.3134326358408678E-002   5.8452637461867206E-002  0.32587372686411303     
   320.00000000000000        2.3134326358408678E-002   5.8452637461867206E-002  0.33178655995593642     
   320.00000000000000        2.3134326358408678E-002   5.8452637461867206E-002  0.33178655995593642     
   320.00000000000000        2.3148959746225464E-002   5.8452637461867206E-002  0.33178655995593642     
   320.00000000000000        2.3148959746225464E-002   5.8452637461867206E-002  0.33178655995593642     
   330.00000000000000        2.2038835310486997E-002   3.8491065868766473E-002   2.0579580133029761E-002
   330.00000000000000        2.2206238786063266E-002   3.8491065868766473E-002   2.9802140855371521E-002
   330.00000000000000        2.2309576935018369E-002   3.8828296571679771E-002   2.9802140855371521E-002
   330.00000000000000        2.2309576935018369E-002   3.8828296571679771E-002   2.9802140855371521E-002
   330.00000000000000        2.2309576935018369E-002   3.8828296571679771E-002   2.9855815758808361E-002
   330.00000000000000        2.2309576935018369E-002   3.8828296571679771E-002   2.9855815758808361E-002
   330.00000000000000        2.2441154766015752E-002   3.8828296571679771E-002   2.9855815758808361E-002
   330.00000000000000        2.2441154766015752E-002   3.8828296571679771E-002   2.9855815758808361E-002
   330.00000000000000        2.2441154766015752E-002   3.8828296571679771E-002   2.9855815758808361E-002
   330.00000000000000        2.2651623429467849E-002   3.8923208875198782E-002   3.0545338199675667E-002
   330.00000000000000        2.2651623429467849E-002   3.8923208875198782E-002   3.0545338199675667E-002
   330.00000000000000        2.2651623429467849E-002   4.0632118853492667E-002   3.0545338199675667E-002
   330.00000000000000        2.3079520431206032E-002   4.3236218416218677E-002   8.5305100856287758E-002
   330.00000000000000        2.3079520431206032E-002   5.5556789136690314E-002  0.13026882423393352     
   330.00000000000000        2.3079520431206032E-002   6.0414521813009527E-002  0.36449813649924562     
   330.00000000000000        2.3140182294025428E-002   6.0414521813009527E-002  0.36600026289551968     
   330.00000000000000        2.3140182294025428E-002   6.0414521813009527E-002  0.37025830765158241     
   330.00000000000000        2.3140182294025428E-002   6.0414521813009527E-002  0.37025830765158241     
   330.00000000000000        2.3140182294025428E-002   6.0414521813009527E-002  0.37025830765158241     
   330.00000000000000        2.3140182294025428E-002   6.0414521813009527E-002  0.37025830765158241     
   340.00000000000000        2.2038086159476292E-002   3.8484824701836264E-002   2.0568691953086637E-002
   340.00000000000000        2.2205458673881691E-002   3.8484824701836264E-002   2.9776629222033862E-002
   340.00000000000000        2.2309197562253556E-002   3.8821524451646938E-002   2.9776629222033862E-002
   340.00000000000000        2.2309197562253556E-002   3.8821524451646938E-002   2.9776629222033862E-002
   340.00000000000000        2.2309197562253556E-002   3.8821524451646938E-002   2.9820758747437427E-002
   340.00000000000000        2.2309197562253556E-002   3.8821524451646938E-002   2.9820758747437427E-002
   340.00000000000000        2.2443370376802253E-002   3.8821524451646938E-002   2.9843524338912273E-002
   340.00000000000000        2.2443370376802253E-002   3.8821524451646938E-002   2.9843524338912273E-002
   340.00000000000000        2.2443370376802253E-002   3.8821524451646938E-002   2.9843524338912273E-002
   340.00000000000000        2.2666702279628116E-002   3.9004374663916611E-002   3.0798568740625656E-002
   340.00000000000000        2.2666702279628116E-002   3.9004374663916611E-002   3.0798568740625656E-002
   340.00000000000000        2.2666702279628116E-002   4.0981032883893910E-002   3.0798568740625656E-002
   340.00000000000000        2.3167592180000699E-002   4.3603006329650251E-002   8.8114415335237145E-002
   340.00000000000000        2.3167592180000699E-002   5.6941625596977533E-002  0.13986610588204951     
   340.00000000000000        2.3167592180000699E-002   6.2002459727450478E-002  0.38716671052144902     
   340.00000000000000        2.3167592180000699E-002   6.2002459727450478E-002  0.40151765970950459     
   340.00000000000000        2.3167592180000699E-002   6.2002459727450478E-002  0.40501303468211958     
   340.00000000000000        2.3167592180000699E-002   6.2002459727450478E-002  0.40501303468211958     
   340.00000000000000        2.3167592180000699E-002   6.2002459727450478E-002  0.40501303468211958     
   340.00000000000000        2.3167592180000699E-002   6.2002459727450478E-002  0.40501303468211958     
   350.00000000000000        2.2037599437844266E-002   3.8480757516531378E-002   2.0561556884896536E-002
   350.00000000000000        2.2204954664992088E-002   3.8480757516531378E-002   2.9760065093547564E-002
   350.00000000000000        2.2308963892612201E-002   3.8817140536485537E-002   2.9760065093547564E-002
   350.00000000000000        2.2308963892612201E-002   3.8817140536485537E-002   2.9760065093547564E-002
   350.00000000000000        2.2308963892612201E-002   3.8817140536485537E-002   2.9798328993944020E-002
   350.00000000000000        2.2308963892612201E-002   3.8817140536485537E-002   2.9798328993944020E-002
   350.00000000000000        2.2444876463710815E-002   3.8817140536485537E-002   2.9853721266296696E-002
   350.00000000000000        2.2444876463710815E-002   3.8817140536485537E-002   2.9853721266296696E-002
   350.00000000000000        2.2444876463710815E-002   3.8817140536485537E-002   2.9853721266296696E-002
   350.00000000000000        2.2676817085004752E-002   3.9058622196576534E-002   3.0967976428184902E-002
   350.00000000000000        2.2676817085004752E-002   3.9058622196576534E-002   3.0967976428184902E-002
   350.00000000000000        2.2676817085004752E-002   4.1218819449390903E-002   3.0967976428184902E-002
   350.00000000000000        2.3226564230589074E-002   4.3845925317938073E-002   8.9899709945307840E-002
   350.00000000000000        2.3226564230589074E-002   5.7880413423797974E-002  0.14653631318365767     
   350.00000000000000        2.3226564230589074E-002   6.3042610346341801E-002  0.39294704927278734     
   350.00000000000000        2.3226564230589074E-002   6.3042610346341801E-002  0.42633233433555479     
   350.00000000000000        2.3226564230589074E-002   6.3042610346341801E-002  0.42964347450554019     
   350.00000000000000        2.3226564230589074E-002   6.3042610346341801E-002  0.42964347450554019     
   350.00000000000000        2.3226564230589074E-002   6.3042610346341801E-002  0.42964347450554019     
   350.00000000000000        2.3226564230589074E-002   6.3042610346341801E-002  0.42964347450554019     
