   0.0000000000000000        2.2029745116721830E-002   3.8464578648618922E-002   2.0543291284982359E-002
   0.0000000000000000        2.2196962623032945E-002   3.8464578648618922E-002   2.9696943095475815E-002
   0.0000000000000000        2.2302456778387433E-002   3.8798904897998233E-002   2.9696943095475815E-002
   0.0000000000000000        2.2302456778387433E-002   3.8798904897998233E-002   2.9696943095475815E-002
   0.0000000000000000        2.2302456778387433E-002   3.8798904897998233E-002   2.9696943095475815E-002
   0.0000000000000000        2.2302456778387433E-002   3.8798904897998233E-002   2.9696943095475815E-002
   0.0000000000000000        2.2451300403363860E-002   3.8798904897998233E-002   2.9959152847971932E-002
   0.0000000000000000        2.2451300403363860E-002   3.8870667037604917E-002   2.9959152847971932E-002
   0.0000000000000000        2.2451300403363860E-002   3.8870667037604917E-002   2.9959152847971932E-002
   0.0000000000000000        2.2854329013756079E-002   4.0091858902484671E-002   3.4336576582199269E-002
   0.0000000000000000        2.2854329013756079E-002   4.0091858902484671E-002   3.9230993650693026E-002
   0.0000000000000000        2.3772272926568892E-002   8.7063660199726597E-002   8.3606540671326085E-002
   0.0000000000000000        2.3888359495738740E-002  0.10564969293466091       0.26411700944051986     
   0.0000000000000000        2.3888359495738740E-002  0.10564969293466091       0.32545047619525669     
   0.0000000000000000        2.3888359495738740E-002  0.10564969293466091       0.33714395617120502     
   0.0000000000000000        2.3888359495738740E-002  0.10564969293466091       0.33714395617120502     
   0.0000000000000000        2.3888359495738740E-002  0.10564969293466091       0.33714395617120502     
   0.0000000000000000        2.3888359495738740E-002  0.10564969293466091       0.33714395617120502     
   0.0000000000000000        2.3888359495738740E-002  0.10564969293466091       0.33714395617120502     
   0.0000000000000000        2.3888359495738740E-002  0.10564969293466091       0.33714395617120502     
   10.000000000000000        2.2036089115114187E-002   3.8469430603626252E-002   2.0547215074865764E-002
   10.000000000000000        2.2203347092966490E-002   3.8469430603626252E-002   2.9705867463759895E-002
   10.000000000000000        2.2308424122700028E-002   3.8803949401107415E-002   2.9705867463759895E-002
   10.000000000000000        2.2308424122700028E-002   3.8803949401107415E-002   2.9705867463759895E-002
   10.000000000000000        2.2308424122700028E-002   3.8803949401107415E-002   2.9705867463759895E-002
   10.000000000000000        2.2308424122700028E-002   3.8803949401107415E-002   2.9705867463759895E-002
   10.000000000000000        2.2456734106785763E-002   3.8803949401107415E-002   2.9945965295475614E-002
   10.000000000000000        2.2456734106785763E-002   3.8857698214867183E-002   2.9945965295475614E-002
   10.000000000000000        2.2456734106785763E-002   3.8857698214867183E-002   2.9945965295475614E-002
   10.000000000000000        2.2849399700745902E-002   4.0032709945356335E-002   3.4143967505587597E-002
   10.000000000000000        2.2849399700745902E-002   4.0032709945356335E-002   3.9005419827940806E-002
   10.000000000000000        2.3747532895837701E-002   8.6541336977869449E-002   8.3090014034801457E-002
   10.000000000000000        2.3869523851370859E-002  0.10472218043107093       0.26415915116762689     
   10.000000000000000        2.3869523851370859E-002  0.10472218043107093       0.32248830345536000     
   10.000000000000000        2.3869523851370859E-002  0.10472218043107093       0.33444036905051433     
   10.000000000000000        2.3869523851370859E-002  0.10472218043107093       0.33444036905051433     
   10.000000000000000        2.3869523851370859E-002  0.10472218043107093       0.33444036905051433     
   10.000000000000000        2.3869523851370859E-002  0.10472218043107093       0.33444036905051433     
   10.000000000000000        2.3869523851370859E-002  0.10472218043107093       0.33444036905051433     
   10.000000000000000        2.3869523851370859E-002  0.10472218043107093       0.33444036905051433     
   20.000000000000000        2.2036771679890408E-002   3.8475005365225190E-002   2.0557106379442833E-002
   20.000000000000000        2.2204057714520248E-002   3.8475005365225190E-002   2.9728852253664288E-002
   20.000000000000000        2.2308695218680362E-002   3.8810052751554996E-002   2.9728852253664288E-002
   20.000000000000000        2.2308695218680362E-002   3.8810052751554996E-002   2.9728852253664288E-002
   20.000000000000000        2.2308695218680362E-002   3.8810052751554996E-002   2.9733209481077744E-002
   20.000000000000000        2.2308695218680362E-002   3.8810052751554996E-002   2.9733209481077744E-002
   20.000000000000000        2.2453387619933395E-002   3.8810052751554996E-002   2.9910757373921442E-002
   20.000000000000000        2.2453387619933395E-002   3.8813172207358568E-002   2.9910757373921442E-002
   20.000000000000000        2.2453387619933395E-002   3.8813172207358568E-002   2.9910757373921442E-002
   20.000000000000000        2.2816759966721365E-002   3.9856344134194935E-002   3.3595864099434353E-002
   20.000000000000000        2.2816759966721365E-002   3.9856344134194935E-002   3.8375215190104062E-002
   20.000000000000000        2.3657717190886014E-002   8.4973997386493486E-002   8.1612859995897596E-002
   20.000000000000000        2.3794023874014091E-002  0.10200419871933378       0.26366423343712780     
   20.000000000000000        2.3794023874014091E-002  0.10200419871933378       0.31383886479776041     
   20.000000000000000        2.3794023874014091E-002  0.10200419871933378       0.32663497544082754     
   20.000000000000000        2.3794023874014091E-002  0.10200419871933378       0.32663497544082754     
   20.000000000000000        2.3794023874014091E-002  0.10200419871933378       0.32663497544082754     
   20.000000000000000        2.3794023874014091E-002  0.10200419871933378       0.32663497544082754     
   20.000000000000000        2.3794023874014091E-002  0.10200419871933378       0.32663497544082754     
   20.000000000000000        2.3794023874014091E-002  0.10200419871933378       0.32663497544082754     
   30.000000000000000        2.2037820969932367E-002   3.8483566886933288E-002   2.0572239974439396E-002
   30.000000000000000        2.2205155718914720E-002   3.8483566886933288E-002   2.9764280496492455E-002
   30.000000000000000        2.2309146876987609E-002   3.8819498487625649E-002   2.9764280496492455E-002
   30.000000000000000        2.2309146876987609E-002   3.8819498487625649E-002   2.9764280496492455E-002
   30.000000000000000        2.2309146876987609E-002   3.8819498487625649E-002   2.9785653571724115E-002
   30.000000000000000        2.2309146876987609E-002   3.8819498487625649E-002   2.9785653571724115E-002
   30.000000000000000        2.2448428424718142E-002   3.8819498487625649E-002   2.9869853227383052E-002
   30.000000000000000        2.2448428424718142E-002   3.8819498487625649E-002   2.9869853227383052E-002
   30.000000000000000        2.2448428424718142E-002   3.8819498487625649E-002   2.9869853227383052E-002
   30.000000000000000        2.2767916522844867E-002   3.9591275301200254E-002   3.2779764860824262E-002
   30.000000000000000        2.2767916522844867E-002   3.9591275301200254E-002   3.7472472914186934E-002
   30.000000000000000        2.3522346955402711E-002   8.2465401193516447E-002   7.9338436962592809E-002
   30.000000000000000        2.3674638929708842E-002   9.7692986461274389E-002  0.26110742249757596     
   30.000000000000000        2.3674638929708842E-002   9.7692986461274389E-002  0.30009102612615968     
   30.000000000000000        2.3674638929708842E-002   9.7692986461274389E-002  0.31440073944569091     
   30.000000000000000        2.3674638929708842E-002   9.7692986461274389E-002  0.31440073944569091     
   30.000000000000000        2.3674638929708842E-002   9.7692986461274389E-002  0.31440073944569091     
   30.000000000000000        2.3674638929708842E-002   9.7692986461274389E-002  0.31440073944569091     
   30.000000000000000        2.3674638929708842E-002   9.7692986461274389E-002  0.31440073944569091     
   30.000000000000000        2.3674638929708842E-002   9.7692986461274389E-002  0.31440073944569091     
   40.000000000000000        2.2039104878206168E-002   3.8494109838476606E-002   2.0590721316063557E-002
   40.000000000000000        2.2206512863489018E-002   3.8494109838476606E-002   2.9808141641482079E-002
   40.000000000000000        2.2309750260493953E-002   3.8831264514292640E-002   2.9808141641482079E-002
   40.000000000000000        2.2309750260493953E-002   3.8831264514292640E-002   2.9808141641482079E-002
   40.000000000000000        2.2309750260493953E-002   3.8831264514292640E-002   2.9852265559293455E-002
   40.000000000000000        2.2309750260493953E-002   3.8831264514292640E-002   2.9852265559293455E-002
   40.000000000000000        2.2442670867744444E-002   3.8831264514292640E-002   2.9852265559293455E-002
   40.000000000000000        2.2442670867744444E-002   3.8831264514292640E-002   2.9852265559293455E-002
   40.000000000000000        2.2442670867744444E-002   3.8831264514292640E-002   2.9852265559293455E-002
   40.000000000000000        2.2710016807138016E-002   3.9274774885316804E-002   3.1801768766236610E-002
   40.000000000000000        2.2710016807138016E-002   3.9274774885316804E-002   3.6476700989544565E-002
   40.000000000000000        2.3359537048625055E-002   7.9167529720367183E-002   7.6481857143549076E-002
   40.000000000000000        2.3520911774850207E-002   9.2089200559531653E-002  0.25458407112352632     
   40.000000000000000        2.3520911774850207E-002   9.2089200559531653E-002  0.28201374482847980     
   40.000000000000000        2.3520911774850207E-002   9.2089200559531653E-002  0.29843269440082393     
   40.000000000000000        2.3572553705813806E-002   9.2089200559531653E-002  0.29843269440082393     
   40.000000000000000        2.3572553705813806E-002   9.2089200559531653E-002  0.29843269440082393     
   40.000000000000000        2.3572553705813806E-002   9.2089200559531653E-002  0.29843269440082393     
   40.000000000000000        2.3610715451200488E-002   9.2089200559531653E-002  0.29843269440082393     
   40.000000000000000        2.3610715451200488E-002   9.2089200559531653E-002  0.29843269440082393     
   50.000000000000000        2.2040469305547955E-002   3.8505385359833597E-002   2.0610194731874140E-002
   50.000000000000000        2.2207973979834251E-002   3.8505385359833597E-002   2.9855430804682379E-002
   50.000000000000000        2.2310463735537547E-002   3.8844037404713344E-002   2.9855430804682379E-002
   50.000000000000000        2.2310463735537547E-002   3.8844037404713344E-002   2.9855430804682379E-002
   50.000000000000000        2.2310463735537547E-002   3.8844037404713344E-002   2.9926525104806024E-002
   50.000000000000000        2.2310463735537547E-002   3.8844037404713344E-002   2.9926525104806024E-002
   50.000000000000000        2.2436987829959992E-002   3.8844037404713344E-002   2.9926525104806024E-002
   50.000000000000000        2.2436987829959992E-002   3.8844037404713344E-002   2.9926525104806024E-002
   50.000000000000000        2.2436987829959992E-002   3.8844037404713344E-002   2.9926525104806024E-002
   50.000000000000000        2.2650936398482115E-002   3.8948458031662116E-002   3.0786832915549560E-002
   50.000000000000000        2.2650936398482115E-002   3.9074301850628781E-002   3.5568101575801113E-002
   50.000000000000000        2.3188748483579286E-002   7.5279506316710099E-002   7.3250357626692644E-002
   50.000000000000000        2.3345676429473800E-002   8.5567903763496614E-002  0.24264296048618950     
   50.000000000000000        2.3345676429473800E-002   8.5876533085892187E-002  0.26035574007814333     
   50.000000000000000        2.3345676429473800E-002   8.5876533085892187E-002  0.27909818925131291     
   50.000000000000000        2.3551982422435693E-002   8.5876533085892187E-002  0.27909818925131291     
   50.000000000000000        2.3551982422435693E-002   8.5882235466046716E-002  0.27909818925131291     
   50.000000000000000        2.3551982422435693E-002   8.5882235466046716E-002  0.27909818925131291     
   50.000000000000000        2.3592009115473475E-002   8.5882235466046716E-002  0.27909818925131291     
   50.000000000000000        2.3592009115473475E-002   8.5882235466046716E-002  0.27909818925131291     
   60.000000000000000        2.2041751154760082E-002   3.8516039997687483E-002   2.0628109761406516E-002
   60.000000000000000        2.2209368573706374E-002   3.8516039997687483E-002   2.9900697733510277E-002
   60.000000000000000        2.2311218564485907E-002   3.8856332908261328E-002   2.9900697733510277E-002
   60.000000000000000        2.2311218564485907E-002   3.8856332908261328E-002   2.9900697733510277E-002
   60.000000000000000        2.2311218564485907E-002   3.8856332908261328E-002   3.0000639302456486E-002
   60.000000000000000        2.2311218564485907E-002   3.8856332908261328E-002   3.0000639302456486E-002
   60.000000000000000        2.2432139978257232E-002   3.8856332908261328E-002   3.0000639302456486E-002
   60.000000000000000        2.2432139978257232E-002   3.8856332908261328E-002   3.0028626090075779E-002
   60.000000000000000        2.2432139978257232E-002   3.8856332908261328E-002   3.0028626090075779E-002
   60.000000000000000        2.2597775815396123E-002   3.8856332908261328E-002   3.0028626090075779E-002
   60.000000000000000        2.2597775815396123E-002   3.9150503831128274E-002   3.5030902024834200E-002
   60.000000000000000        2.3026774100127236E-002   7.1025747499393097E-002   6.9803467985976295E-002
   60.000000000000000        2.3164178607850236E-002   7.8537354151888450E-002  0.22489405683807717     
   60.000000000000000        2.3164178607850236E-002   7.9530779782344616E-002  0.23578203898101521     
   60.000000000000000        2.3164178607850236E-002   7.9530779782344616E-002  0.25636789648617037     
   60.000000000000000        2.3491291451426168E-002   7.9530779782344616E-002  0.25636789648617037     
   60.000000000000000        2.3491291451426168E-002   7.9530779782344616E-002  0.25636789648617037     
   60.000000000000000        2.3491291451426168E-002   7.9530779782344616E-002  0.25636789648617037     
   60.000000000000000        2.3531846543598779E-002   7.9530779782344616E-002  0.25636789648617037     
   60.000000000000000        2.3531846543598779E-002   7.9530779782344616E-002  0.25636789648617037     
   70.000000000000000        2.2042796414045274E-002   3.8524762584527902E-002   2.0642017498721028E-002
   70.000000000000000        2.2210527820622047E-002   3.8524762584527902E-002   2.9938656732880844E-002
   70.000000000000000        2.2311917527617069E-002   3.8866638832894679E-002   2.9938656732880844E-002
   70.000000000000000        2.2311917527617069E-002   3.8866638832894679E-002   2.9938656732880844E-002
   70.000000000000000        2.2311917527617069E-002   3.8866638832894679E-002   3.0066192437637879E-002
   70.000000000000000        2.2311917527617069E-002   3.8866638832894679E-002   3.0066192437637879E-002
   70.000000000000000        2.2428629839799250E-002   3.8866638832894679E-002   3.0066192437637879E-002
   70.000000000000000        2.2428629839799250E-002   3.8866638832894679E-002   3.0252800997256527E-002
   70.000000000000000        2.2428629839799250E-002   3.8866638832894679E-002   3.0252800997256527E-002
   70.000000000000000        2.2555619441200495E-002   3.8866638832894679E-002   3.0252800997256527E-002
   70.000000000000000        2.2555619441200495E-002   3.9346496786171303E-002   3.5456703252891922E-002
   70.000000000000000        2.2884645386830275E-002   6.6627720495946868E-002   6.6229830275027171E-002
   70.000000000000000        2.2992650951912472E-002   7.1387200056664143E-002  0.20196078091037151     
   70.000000000000000        2.2992650951912472E-002   7.1387200056664143E-002  0.20877739685053215     
   70.000000000000000        2.2992650951912472E-002   7.1387200056664143E-002  0.22951897807797270     
   70.000000000000000        2.3389897809589565E-002   7.1387200056664143E-002  0.22951897807797270     
   70.000000000000000        2.3389897809589565E-002   7.1387200056664143E-002  0.22951897807797270     
   70.000000000000000        2.3389897809589565E-002   7.1387200056664143E-002  0.22953945057458933     
   70.000000000000000        2.3429480654253956E-002   7.1387200056664143E-002  0.22953945057458933     
   70.000000000000000        2.3429480654253956E-002   7.1387200056664143E-002  0.22953945057458933     
   80.000000000000000        2.2043477593169786E-002   3.8530409203590514E-002   2.0649867060207425E-002
   80.000000000000000        2.2211303115888138E-002   3.8530409203590514E-002   2.9964802216050745E-002
   80.000000000000000        2.2312442901664942E-002   3.8873557604350316E-002   2.9964802216050745E-002
   80.000000000000000        2.2312442901664942E-002   3.8873557604350316E-002   2.9964802216050745E-002
   80.000000000000000        2.2312442901664942E-002   3.8873557604350316E-002   3.0115042052352440E-002
   80.000000000000000        2.2312442901664942E-002   3.8873557604350316E-002   3.0115042052352440E-002
   80.000000000000000        2.2426624751137696E-002   3.8873557604350316E-002   3.0115042052352440E-002
   80.000000000000000        2.2426624751137696E-002   3.8873557604350316E-002   3.0438311227972307E-002
   80.000000000000000        2.2426624751137696E-002   3.8873557604350316E-002   3.0438311227972307E-002
   80.000000000000000        2.2526826376941676E-002   3.8873557604350316E-002   3.0438311227972307E-002
   80.000000000000000        2.2526826376941676E-002   3.9524882542098315E-002   3.5897554837416641E-002
   80.000000000000000        2.2766182750838068E-002   6.2277043101817101E-002   6.2546265570190690E-002
   80.000000000000000        2.2846419910848778E-002   6.4505016021163306E-002  0.17500729455712943     
   80.000000000000000        2.2846419910848778E-002   6.4505016021163306E-002  0.17961821814554541     
   80.000000000000000        2.2846419910848778E-002   6.5174716545361944E-002  0.19897476403931924     
   80.000000000000000        2.3259710651397862E-002   6.5284630660070522E-002  0.19897476403931924     
   80.000000000000000        2.3259710651397862E-002   6.5284630660070522E-002  0.19897476403931924     
   80.000000000000000        2.3259710651397862E-002   6.5284630660070522E-002  0.19909030781695361     
   80.000000000000000        2.3294804578014295E-002   6.5284630660070522E-002  0.19909030781695361     
   80.000000000000000        2.3294804578014295E-002   6.5415387204294670E-002  0.19909030781695361     
   90.000000000000000        2.2043709630311936E-002   3.8532279128815163E-002   2.0650256242157071E-002
   90.000000000000000        2.2211585485261108E-002   3.8532279128815163E-002   2.9975931031215451E-002
   90.000000000000000        2.2312675125219318E-002   3.8876123752224823E-002   2.9975931031215451E-002
   90.000000000000000        2.2312675125219318E-002   3.8876123752224823E-002   2.9975931031215451E-002
   90.000000000000000        2.2312675125219318E-002   3.8876123752224823E-002   3.0140354809434916E-002
   90.000000000000000        2.2312675125219318E-002   3.8876123752224823E-002   3.0140354809434916E-002
   90.000000000000000        2.2425963623316818E-002   3.8876123752224823E-002   3.0140354809434916E-002
   90.000000000000000        2.2425963623316818E-002   3.8876123752224823E-002   3.0558979494058901E-002
   90.000000000000000        2.2425963623316818E-002   3.8876123752224823E-002   3.0558979494058901E-002
   90.000000000000000        2.2510977807435387E-002   3.8876123752224823E-002   3.0558979494058901E-002
   90.000000000000000        2.2510977807435387E-002   3.9646101187520953E-002   3.6244639227661996E-002
   90.000000000000000        2.2668454199573727E-002   5.8117554055403642E-002   5.8724052016958732E-002
   90.000000000000000        2.2737820301054396E-002   5.8498235637483617E-002  0.14562545403702457     
   90.000000000000000        2.2737820301054396E-002   5.8498235637483617E-002  0.14917756855819173     
   90.000000000000000        2.2737820301054396E-002   5.9344193824672965E-002  0.16635887513327219     
   90.000000000000000        2.3119399359556165E-002   5.9455394320973069E-002  0.16635887513327219     
   90.000000000000000        2.3119399359556165E-002   5.9455394320973069E-002  0.16635887513327219     
   90.000000000000000        2.3119399359556165E-002   5.9455394320973069E-002  0.16648125154857238     
   90.000000000000000        2.3148217158515953E-002   5.9455394320973069E-002  0.16648125154857238     
   90.000000000000000        2.3148217158515953E-002   5.9455394320973069E-002  0.16648125154857238     
   100.00000000000000        2.2043460288856984E-002   3.8530208344724960E-002   2.0642609546161195E-002
   100.00000000000000        2.2211321156730014E-002   3.8530208344724960E-002   2.9970551928997384E-002
   100.00000000000000        2.2312516549136005E-002   3.8873947394649944E-002   2.9970551928997384E-002
   100.00000000000000        2.2312516549136005E-002   3.8873947394649944E-002   2.9970551928997384E-002
   100.00000000000000        2.2312516549136005E-002   3.8873947394649944E-002   3.0137682241128023E-002
   100.00000000000000        2.2312516549136005E-002   3.8873947394649944E-002   3.0137682241128023E-002
   100.00000000000000        2.2426239229649363E-002   3.8873947394649944E-002   3.0137682241128023E-002
   100.00000000000000        2.2426239229649363E-002   3.8873947394649944E-002   3.0594028175956529E-002
   100.00000000000000        2.2426239229649363E-002   3.8873947394649944E-002   3.0594028175956529E-002
   100.00000000000000        2.2505435767510636E-002   3.8873947394649944E-002   3.0594028175956529E-002
   100.00000000000000        2.2505435767510636E-002   3.9672787711335249E-002   3.6390749077294823E-002
   100.00000000000000        2.2583901898951202E-002   5.4240385013741226E-002   5.4716477290377007E-002
   100.00000000000000        2.2674354937225010E-002   5.4363967297355313E-002  0.11545258988045848     
   100.00000000000000        2.2674354937225010E-002   5.4363967297355313E-002  0.11870121353673034     
   100.00000000000000        2.2674354937225010E-002   5.4363967297355313E-002  0.13233438803327871     
   100.00000000000000        2.2987985183885958E-002   5.4363967297355313E-002  0.13233438803327871     
   100.00000000000000        2.2987985183885958E-002   5.4363967297355313E-002  0.13233438803327871     
   100.00000000000000        2.2987985183885958E-002   5.4363967297355313E-002  0.13270764588999423     
   100.00000000000000        2.3013404838302835E-002   5.4363967297355313E-002  0.13270764588999423     
   100.00000000000000        2.3013404838302835E-002   5.4363967297355313E-002  0.13270764588999423     
   110.00000000000000        2.2042755547403776E-002   3.8524380885943024E-002   2.0627305992308560E-002
   110.00000000000000        2.2210522352522098E-002   3.8524380885943024E-002   2.9949167642472893E-002
   110.00000000000000        2.2311916675556934E-002   3.8867080713839368E-002   2.9949167642472893E-002
   110.00000000000000        2.2311916675556934E-002   3.8867080713839368E-002   2.9949167642472893E-002
   110.00000000000000        2.2311916675556934E-002   3.8867080713839368E-002   3.0105924985088323E-002
   110.00000000000000        2.2311916675556934E-002   3.8867080713839368E-002   3.0105924985088323E-002
   110.00000000000000        2.2426932130174278E-002   3.8867080713839368E-002   3.0105924985088323E-002
   110.00000000000000        2.2426932130174278E-002   3.8867080713839368E-002   3.0532665007826178E-002
   110.00000000000000        2.2426932130174278E-002   3.8867080713839368E-002   3.0532665007826178E-002
   110.00000000000000        2.2506326484657443E-002   3.8867080713839368E-002   3.0532665007826178E-002
   110.00000000000000        2.2506326484657443E-002   3.9579508997198351E-002   3.6205918525418997E-002
   110.00000000000000        2.2506326484657443E-002   5.0693220749126577E-002   5.0446227225544087E-002
   110.00000000000000        2.2660387431280765E-002   5.0707734059232977E-002   8.5974022491709254E-002
   110.00000000000000        2.2660387431280765E-002   5.0707734059232977E-002   8.9544598022895036E-002
   110.00000000000000        2.2660387431280765E-002   5.0707734059232977E-002   9.8002873613767388E-002
   110.00000000000000        2.2885386937119178E-002   5.0707734059232977E-002   9.8002873613767388E-002
   110.00000000000000        2.2885386937119178E-002   5.0707734059232977E-002   9.8002873613767388E-002
   110.00000000000000        2.2885386937119178E-002   5.0707734059232977E-002   9.8587656084657513E-002
   110.00000000000000        2.2908352581858433E-002   5.0707734059232977E-002   9.8587656084657513E-002
   110.00000000000000        2.2908352581858433E-002   5.0707734059232977E-002   9.8587656084657513E-002
   120.00000000000000        2.2041677819271945E-002   3.8515424507169112E-002   2.0605722410286367E-002
   120.00000000000000        2.2209270230792232E-002   3.8515424507169112E-002   2.9914326363104791E-002
   120.00000000000000        2.2310891994603135E-002   3.8856161476105808E-002   2.9914326363104791E-002
   120.00000000000000        2.2310891994603135E-002   3.8856161476105808E-002   2.9914326363104791E-002
   120.00000000000000        2.2310891994603135E-002   3.8856161476105808E-002   3.0047916969681881E-002
   120.00000000000000        2.2310891994603135E-002   3.8856161476105808E-002   3.0047916969681881E-002
   120.00000000000000        2.2427557548969749E-002   3.8856161476105808E-002   3.0047916969681881E-002
   120.00000000000000        2.2427557548969749E-002   3.8856161476105808E-002   3.0377639664915520E-002
   120.00000000000000        2.2427557548969749E-002   3.8856161476105808E-002   3.0377639664915520E-002
   120.00000000000000        2.2509670297390892E-002   3.8856161476105808E-002   3.0377639664915520E-002
   120.00000000000000        2.2509670297390892E-002   3.9361175049106356E-002   3.5579044675521969E-002
   120.00000000000000        2.2509670297390892E-002   4.7504615204328346E-002   4.5864086312786448E-002
   120.00000000000000        2.2772472267406613E-002   4.7504615204328346E-002   5.8523647235720712E-002
   120.00000000000000        2.2772472267406613E-002   4.7504615204328346E-002   6.3501037141963090E-002
   120.00000000000000        2.2772472267406613E-002   4.7504615204328346E-002   6.5391245154867508E-002
   120.00000000000000        2.2903852463184205E-002   4.7504615204328346E-002   6.5391245154867508E-002
   120.00000000000000        2.2903852463184205E-002   4.7504615204328346E-002   6.5391245154867508E-002
   120.00000000000000        2.2903852463184205E-002   4.7504615204328346E-002   6.6064732601306214E-002
   120.00000000000000        2.2923727667998068E-002   4.7504615204328346E-002   6.6064732601306214E-002
   120.00000000000000        2.2923727667998068E-002   4.7504615204328346E-002   6.6064732601306214E-002
   130.00000000000000        2.2040355201597254E-002   3.8504351911445599E-002   2.0580137773087096E-002
   130.00000000000000        2.2207706539727146E-002   3.8504351911445599E-002   2.9870372605065313E-002
   130.00000000000000        2.2309532280528642E-002   3.8842375124805588E-002   2.9870372605065313E-002
   130.00000000000000        2.2309532280528642E-002   3.8842375124805588E-002   2.9870372605065313E-002
   130.00000000000000        2.2309532280528642E-002   3.8842375124805588E-002   2.9970405996754181E-002
   130.00000000000000        2.2309532280528642E-002   3.8842375124805588E-002   2.9970405996754181E-002
   130.00000000000000        2.2427785156046189E-002   3.8842375124805588E-002   2.9970405996754181E-002
   130.00000000000000        2.2427785156046189E-002   3.8842375124805588E-002   3.0146709303754734E-002
   130.00000000000000        2.2427785156046189E-002   3.8842375124805588E-002   3.0146709303754734E-002
   130.00000000000000        2.2512359740485630E-002   3.8842375124805588E-002   3.0146709303754734E-002
   130.00000000000000        2.2512359740485630E-002   3.9036991157023311E-002   3.4507606819114384E-002
   130.00000000000000        2.2512359740485630E-002   4.4731730028730980E-002   4.1057503285922295E-002
   130.00000000000000        2.2922023860770128E-002   4.4731730028730980E-002   4.1057503285922295E-002
   130.00000000000000        2.2922023860770128E-002   4.4731730028730980E-002   4.2405276078686965E-002
   130.00000000000000        2.2922023860770128E-002   4.4731730028730980E-002   4.2405276078686965E-002
   130.00000000000000        2.2967497593767691E-002   4.4731730028730980E-002   4.2405276078686965E-002
   130.00000000000000        2.2967497593767691E-002   4.4731730028730980E-002   4.2405276078686965E-002
   130.00000000000000        2.2967497593767691E-002   4.4731730028730980E-002   4.2405276078686965E-002
   130.00000000000000        2.2984802173735209E-002   4.4731730028730980E-002   4.2405276078686965E-002
   130.00000000000000        2.2984802173735209E-002   4.4731730028730980E-002   4.2405276078686965E-002
   140.00000000000000        2.2038946427315687E-002   3.8492482232234969E-002   2.0553397272939092E-002
   140.00000000000000        2.2206017865257780E-002   3.8492482232234969E-002   2.9822815337514366E-002
   140.00000000000000        2.2307993958559553E-002   3.8827364582018374E-002   2.9822815337514366E-002
   140.00000000000000        2.2307993958559553E-002   3.8827364582018374E-002   2.9822815337514366E-002
   140.00000000000000        2.2307993958559553E-002   3.8827364582018374E-002   2.9883245380499236E-002
   140.00000000000000        2.2307993958559553E-002   3.8827364582018374E-002   2.9883245380499236E-002
   140.00000000000000        2.2427505094750510E-002   3.8827364582018374E-002   2.9883245380499236E-002
   140.00000000000000        2.2427505094750510E-002   3.8827364582018374E-002   2.9883245380499236E-002
   140.00000000000000        2.2427505094750510E-002   3.8827364582018374E-002   2.9883245380499236E-002
   140.00000000000000        2.2512755501854029E-002   3.8827364582018374E-002   2.9883245380499236E-002
   140.00000000000000        2.2512755501854029E-002   3.8827364582018374E-002   3.3119806898490187E-002
   140.00000000000000        2.2512755501854029E-002   4.2386665818853461E-002   3.6284997984463718E-002
   140.00000000000000        2.3091329450485015E-002   4.2386665818853461E-002   3.6284997984463718E-002
   140.00000000000000        2.3091329450485015E-002   4.2386665818853461E-002   3.6284997984463718E-002
   140.00000000000000        2.3091329450485015E-002   4.2386665818853461E-002   3.6284997984463718E-002
   140.00000000000000        2.3091329450485015E-002   4.2386665818853461E-002   3.6284997984463718E-002
   140.00000000000000        2.3091329450485015E-002   4.2386665818853461E-002   3.6284997984463718E-002
   140.00000000000000        2.3091329450485015E-002   4.2386665818853461E-002   3.6284997984463718E-002
   140.00000000000000        2.3091329450485015E-002   4.2386665818853461E-002   3.6284997984463718E-002
   140.00000000000000        2.3091329450485015E-002   4.2386665818853461E-002   3.6284997984463718E-002
   150.00000000000000        2.2037622032678544E-002   3.8481259981468841E-002   2.0528517535780895E-002
   150.00000000000000        2.2204412786761291E-002   3.8481259981468841E-002   2.9777608604305967E-002
   150.00000000000000        2.2306478994073571E-002   3.8813003528969263E-002   2.9777608604305967E-002
   150.00000000000000        2.2306478994073571E-002   3.8813003528969263E-002   2.9777608604305967E-002
   150.00000000000000        2.2306478994073571E-002   3.8813003528969263E-002   2.9798077114002584E-002
   150.00000000000000        2.2306478994073571E-002   3.8813003528969263E-002   2.9798077114002584E-002
   150.00000000000000        2.2426825571352144E-002   3.8813003528969263E-002   2.9798077114002584E-002
   150.00000000000000        2.2426825571352144E-002   3.8813003528969263E-002   2.9798077114002584E-002
   150.00000000000000        2.2426825571352144E-002   3.8813003528969263E-002   2.9798077114002584E-002
   150.00000000000000        2.2510783258548241E-002   3.8813003528969263E-002   2.9798077114002584E-002
   150.00000000000000        2.2510783258548241E-002   3.8813003528969263E-002   3.1624610777372053E-002
   150.00000000000000        2.2510783258548241E-002   4.0491745646093473E-002   3.1942573542339502E-002
   150.00000000000000        2.3257865887245873E-002   4.1501004470100862E-002   3.6594209386256307E-002
   150.00000000000000        2.3257865887245873E-002   4.2565945407005874E-002   3.6594209386256307E-002
   150.00000000000000        2.3257865887245873E-002   4.2565945407005874E-002   3.6594209386256307E-002
   150.00000000000000        2.3257865887245873E-002   4.2565945407005874E-002   3.6594209386256307E-002
   150.00000000000000        2.3257865887245873E-002   4.2839688884724787E-002   3.6594209386256307E-002
   150.00000000000000        2.3257865887245873E-002   4.2839688884724787E-002   3.6594209386256307E-002
   150.00000000000000        2.3257865887245873E-002   4.2879005330878128E-002   3.6594209386256307E-002
   150.00000000000000        2.3257865887245873E-002   4.2879005330878128E-002   3.6594209386256307E-002
   160.00000000000000        2.2036543368329768E-002   3.8472063406001129E-002   2.0508337683601045E-002
   160.00000000000000        2.2203094315951459E-002   3.8472063406001129E-002   2.9740445200407587E-002
   160.00000000000000        2.2305202106019821E-002   3.8801133212217558E-002   2.9740445200407587E-002
   160.00000000000000        2.2305202106019821E-002   3.8801133212217558E-002   2.9740445200407587E-002
   160.00000000000000        2.2305202106019821E-002   3.8801133212217558E-002   2.9740445200407587E-002
   160.00000000000000        2.2305202106019821E-002   3.8801133212217558E-002   2.9740445200407587E-002
   160.00000000000000        2.2426007043027444E-002   3.8801133212217558E-002   2.9740445200407587E-002
   160.00000000000000        2.2426007043027444E-002   3.8801133212217558E-002   2.9740445200407587E-002
   160.00000000000000        2.2426007043027444E-002   3.8801133212217558E-002   2.9740445200407587E-002
   160.00000000000000        2.2507559316263439E-002   3.8801133212217558E-002   2.9740445200407587E-002
   160.00000000000000        2.2507559316263439E-002   3.8801133212217558E-002   3.0205759693108229E-002
   160.00000000000000        2.2507559316263439E-002   3.9682455945860499E-002   3.0358951659711867E-002
   160.00000000000000        2.3398105448032815E-002   4.1785242144351580E-002   4.3543950843651355E-002
   160.00000000000000        2.3398105448032815E-002   4.3332298143094840E-002   4.3543950843651355E-002
   160.00000000000000        2.3398105448032815E-002   4.3332298143094840E-002   4.7856939085924859E-002
   160.00000000000000        2.3398105448032815E-002   4.3482544266412515E-002   4.7856939085924859E-002
   160.00000000000000        2.3398105448032815E-002   4.3823125939713520E-002   4.7856939085924859E-002
   160.00000000000000        2.3398105448032815E-002   4.3823125939713520E-002   4.8587845583287777E-002
   160.00000000000000        2.3398105448032815E-002   4.3917087637085038E-002   4.8587845583287777E-002
   160.00000000000000        2.3398105448032815E-002   4.3917087637085038E-002   4.8587845583287777E-002
   170.00000000000000        2.2035842494658918E-002   3.8466029293969729E-002   2.0495194637616437E-002
   170.00000000000000        2.2202231997264593E-002   3.8466029293969729E-002   2.9716052424287202E-002
   170.00000000000000        2.2304353036156275E-002   3.8793303466187937E-002   2.9716052424287202E-002
   170.00000000000000        2.2304353036156275E-002   3.8793303466187937E-002   2.9716052424287202E-002
   170.00000000000000        2.2304353036156275E-002   3.8793303466187937E-002   2.9716052424287202E-002
   170.00000000000000        2.2304353036156275E-002   3.8793303466187937E-002   2.9716052424287202E-002
   170.00000000000000        2.2425356363055263E-002   3.8793303466187937E-002   2.9716052424287202E-002
   170.00000000000000        2.2425356363055263E-002   3.8793303466187937E-002   2.9716052424287202E-002
   170.00000000000000        2.2425356363055263E-002   3.8793303466187937E-002   2.9716052424287202E-002
   170.00000000000000        2.2504703793080096E-002   3.8793303466187937E-002   2.9850747632676155E-002
   170.00000000000000        2.2504703793080096E-002   3.8793303466187937E-002   2.9850747632676155E-002
   170.00000000000000        2.2504703793080096E-002   3.9494681064211522E-002   2.9850747632676155E-002
   170.00000000000000        2.3491570255217115E-002   4.2360393125520590E-002   4.7896040262382707E-002
   170.00000000000000        2.3491570255217115E-002   4.3970199309908885E-002   4.7896040262382707E-002
   170.00000000000000        2.3491570255217115E-002   4.3970199309908885E-002   5.6864734941502355E-002
   170.00000000000000        2.3491570255217115E-002   4.4264188472067201E-002   5.6864734941502355E-002
   170.00000000000000        2.3491570255217115E-002   4.4607887238901890E-002   5.6864734941502355E-002
   170.00000000000000        2.3491570255217115E-002   4.4607887238901890E-002   5.7862745360494260E-002
   170.00000000000000        2.3491570255217115E-002   4.4735738226316324E-002   5.7862745360494260E-002
   170.00000000000000        2.3491570255217115E-002   4.4735738226316324E-002   5.7862745360494260E-002
   180.00000000000000        2.2035605582322541E-002   3.8463906898234333E-002   2.0490628395342703E-002
   180.00000000000000        2.2201937994597111E-002   3.8463906898234333E-002   2.9707558933064690E-002
   180.00000000000000        2.2304061692472382E-002   3.8790548512183519E-002   2.9707558933064690E-002
   180.00000000000000        2.2304061692472382E-002   3.8790548512183519E-002   2.9707558933064690E-002
   180.00000000000000        2.2304061692472382E-002   3.8790548512183519E-002   2.9707558933064690E-002
   180.00000000000000        2.2304061692472382E-002   3.8790548512183519E-002   2.9707558933064690E-002
   180.00000000000000        2.2425114383986592E-002   3.8790548512183519E-002   2.9707558933064690E-002
   180.00000000000000        2.2425114383986592E-002   3.8790548512183519E-002   2.9707558933064690E-002
   180.00000000000000        2.2425114383986592E-002   3.8790548512183519E-002   2.9707558933064690E-002
   180.00000000000000        2.2503581089889427E-002   3.8790548512183519E-002   2.9892320669899129E-002
   180.00000000000000        2.2503581089889427E-002   3.8790548512183519E-002   2.9892320669899129E-002
   180.00000000000000        2.2503581089889427E-002   3.9430410921429536E-002   2.9892320669899129E-002
   180.00000000000000        2.3524368832022972E-002   4.2569309574971563E-002   4.9545834491181141E-002
   180.00000000000000        2.3524368832022972E-002   4.4214353415512248E-002   4.9545834491181141E-002
   180.00000000000000        2.3524368832022972E-002   4.4214353415512248E-002   5.9987699376395934E-002
   180.00000000000000        2.3524368832022972E-002   4.4559278213216452E-002   5.9987699376395934E-002
   180.00000000000000        2.3524368832022972E-002   4.4903976357897522E-002   5.9987699376395934E-002
   180.00000000000000        2.3524368832022972E-002   4.4903976357897522E-002   6.1047446990228293E-002
   180.00000000000000        2.3524368832022972E-002   4.5043258081840724E-002   6.1047446990228293E-002
   180.00000000000000        2.3524368832022972E-002   4.5043258081840724E-002   6.1047446990228293E-002
   190.00000000000000        2.2035861981240010E-002   3.8465960000382458E-002   2.0495173481689881E-002
   190.00000000000000        2.2202250967335302E-002   3.8465960000382458E-002   2.9716055969098421E-002
   190.00000000000000        2.2304373630240473E-002   3.8793233774729624E-002   2.9716055969098421E-002
   190.00000000000000        2.2304373630240473E-002   3.8793233774729624E-002   2.9716055969098421E-002
   190.00000000000000        2.2304373630240473E-002   3.8793233774729624E-002   2.9716055969098421E-002
   190.00000000000000        2.2304373630240473E-002   3.8793233774729624E-002   2.9716055969098421E-002
   190.00000000000000        2.2425371354488431E-002   3.8793233774729624E-002   2.9716055969098421E-002
   190.00000000000000        2.2425371354488431E-002   3.8793233774729624E-002   2.9716055969098421E-002
   190.00000000000000        2.2425371354488431E-002   3.8793233774729624E-002   2.9716055969098421E-002
   190.00000000000000        2.2504717916152425E-002   3.8793233774729624E-002   2.9850744993173049E-002
   190.00000000000000        2.2504717916152425E-002   3.8793233774729624E-002   2.9850744993173049E-002
   190.00000000000000        2.2504717916152425E-002   3.9494625725030610E-002   2.9850744993173049E-002
   190.00000000000000        2.3491588589868558E-002   4.2360318694455293E-002   4.7896051505280805E-002
   190.00000000000000        2.3491588589868558E-002   4.3970121449931114E-002   4.7896051505280805E-002
   190.00000000000000        2.3491588589868558E-002   4.3970121449931114E-002   5.6864753256953532E-002
   190.00000000000000        2.3491588589868558E-002   4.4264109011918677E-002   5.6864753256953532E-002
   190.00000000000000        2.3491588589868558E-002   4.4607800203495210E-002   5.6864753256953532E-002
   190.00000000000000        2.3491588589868558E-002   4.4607800203495210E-002   5.7862762361107330E-002
   190.00000000000000        2.3491588589868558E-002   4.4735659761920295E-002   5.7862762361107330E-002
   190.00000000000000        2.3491588589868558E-002   4.4735659761920295E-002   5.7862762361107330E-002
   200.00000000000000        2.2036580426928586E-002   3.8471931869515891E-002   2.0508282425049523E-002
   200.00000000000000        2.2203130401040418E-002   3.8471931869515891E-002   2.9740438676573881E-002
   200.00000000000000        2.2305241258779002E-002   3.8801000916576504E-002   2.9740438676573881E-002
   200.00000000000000        2.2305241258779002E-002   3.8801000916576504E-002   2.9740438676573881E-002
   200.00000000000000        2.2305241258779002E-002   3.8801000916576504E-002   2.9740438676573881E-002
   200.00000000000000        2.2305241258779002E-002   3.8801000916576504E-002   2.9740438676573881E-002
   200.00000000000000        2.2426035607891189E-002   3.8801000916576504E-002   2.9740438676573881E-002
   200.00000000000000        2.2426035607891189E-002   3.8801000916576504E-002   2.9740438676573881E-002
   200.00000000000000        2.2426035607891189E-002   3.8801000916576504E-002   2.9740438676573881E-002
   200.00000000000000        2.2507586231887387E-002   3.8801000916576504E-002   2.9740438676573881E-002
   200.00000000000000        2.2507586231887387E-002   3.8801000916576504E-002   3.0205745304733713E-002
   200.00000000000000        2.2507586231887387E-002   3.9682351153795065E-002   3.0358943916353610E-002
   200.00000000000000        2.3398139893487373E-002   4.1785104113557861E-002   4.3543952175869344E-002
   200.00000000000000        2.3398139893487373E-002   4.3332156118387012E-002   4.3543952175869344E-002
   200.00000000000000        2.3398139893487373E-002   4.3332156118387012E-002   4.7856950595761664E-002
   200.00000000000000        2.3398139893487373E-002   4.3482398648977412E-002   4.7856950595761664E-002
   200.00000000000000        2.3398139893487373E-002   4.3822966550975645E-002   4.7856950595761664E-002
   200.00000000000000        2.3398139893487373E-002   4.3822966550975645E-002   4.8587856190104958E-002
   200.00000000000000        2.3398139893487373E-002   4.3916945257957966E-002   4.8587856190104958E-002
   200.00000000000000        2.3398139893487373E-002   4.3916945257957966E-002   4.8587856190104958E-002
   210.00000000000000        2.2037672925862610E-002   3.8481078616050580E-002   2.0528397399305908E-002
   210.00000000000000        2.2204462361564068E-002   3.8481078616050580E-002   2.9777555765353275E-002
   210.00000000000000        2.2306532735277038E-002   3.8812821120215231E-002   2.9777555765353275E-002
   210.00000000000000        2.2306532735277038E-002   3.8812821120215231E-002   2.9777555765353275E-002
   210.00000000000000        2.2306532735277038E-002   3.8812821120215231E-002   2.9798018843407471E-002
   210.00000000000000        2.2306532735277038E-002   3.8812821120215231E-002   2.9798018843407471E-002
   210.00000000000000        2.2426864916876468E-002   3.8812821120215231E-002   2.9798018843407471E-002
   210.00000000000000        2.2426864916876468E-002   3.8812821120215231E-002   2.9798018843407471E-002
   210.00000000000000        2.2426864916876468E-002   3.8812821120215231E-002   2.9798018843407471E-002
   210.00000000000000        2.2510820343341544E-002   3.8812821120215231E-002   2.9798018843407471E-002
   210.00000000000000        2.2510820343341544E-002   3.8812821120215231E-002   3.1624547324557710E-002
   210.00000000000000        2.2510820343341544E-002   4.0491598140715526E-002   3.1942474003656109E-002
   210.00000000000000        2.3257912274360134E-002   4.1500818040141961E-002   3.6594139192731190E-002
   210.00000000000000        2.3257912274360134E-002   4.2565763728177525E-002   3.6594139192731190E-002
   210.00000000000000        2.3257912274360134E-002   4.2565763728177525E-002   3.6594139192731190E-002
   210.00000000000000        2.3257912274360134E-002   4.2565763728177525E-002   3.6594139192731190E-002
   210.00000000000000        2.3257912274360134E-002   4.2839483773370837E-002   3.6594139192731190E-002
   210.00000000000000        2.3257912274360134E-002   4.2839483773370837E-002   3.6594139192731190E-002
   210.00000000000000        2.3257912274360134E-002   4.2878825334611306E-002   3.6594139192731190E-002
   210.00000000000000        2.3257912274360134E-002   4.2878825334611306E-002   3.6594139192731190E-002
   220.00000000000000        2.2039005815729172E-002   3.8492266305546974E-002   2.0553159520198473E-002
   220.00000000000000        2.2206075738608545E-002   3.8492266305546974E-002   2.9822643765468601E-002
   220.00000000000000        2.2308056625667688E-002   3.8827147444938925E-002   2.9822643765468601E-002
   220.00000000000000        2.2308056625667688E-002   3.8827147444938925E-002   2.9822643765468601E-002
   220.00000000000000        2.2308056625667688E-002   3.8827147444938925E-002   2.9883066039470701E-002
   220.00000000000000        2.2308056625667688E-002   3.8827147444938925E-002   2.9883066039470701E-002
   220.00000000000000        2.2427551184913252E-002   3.8827147444938925E-002   2.9883066039470701E-002
   220.00000000000000        2.2427551184913252E-002   3.8827147444938925E-002   2.9883066039470701E-002
   220.00000000000000        2.2427551184913252E-002   3.8827147444938925E-002   2.9883066039470701E-002
   220.00000000000000        2.2512798957196892E-002   3.8827147444938925E-002   2.9883066039470701E-002
   220.00000000000000        2.2512798957196892E-002   3.8827147444938925E-002   3.3119628661127012E-002
   220.00000000000000        2.2512798957196892E-002   4.2386497266969130E-002   3.6284851637819200E-002
   220.00000000000000        2.3091382230686221E-002   4.2386497266969130E-002   3.6284851637819200E-002
   220.00000000000000        2.3091382230686221E-002   4.2386497266969130E-002   3.6284851637819200E-002
   220.00000000000000        2.3091382230686221E-002   4.2386497266969130E-002   3.6284851637819200E-002
   220.00000000000000        2.3091382230686221E-002   4.2386497266969130E-002   3.6284851637819200E-002
   220.00000000000000        2.3091382230686221E-002   4.2386497266969130E-002   3.6284851637819200E-002
   220.00000000000000        2.3091382230686221E-002   4.2386497266969130E-002   3.6284851637819200E-002
   220.00000000000000        2.3091382230686221E-002   4.2386497266969130E-002   3.6284851637819200E-002
   220.00000000000000        2.3091382230686221E-002   4.2386497266969130E-002   3.6284851637819200E-002
   230.00000000000000        2.2040416542916347E-002   3.8504117893072946E-002   2.0579723369092511E-002
   230.00000000000000        2.2207766339459669E-002   3.8504117893072946E-002   2.9869978518754624E-002
   230.00000000000000        2.2309596948150982E-002   3.8842139862512975E-002   2.9869978518754624E-002
   230.00000000000000        2.2309596948150982E-002   3.8842139862512975E-002   2.9869978518754624E-002
   230.00000000000000        2.2309596948150982E-002   3.8842139862512975E-002   2.9970002521006307E-002
   230.00000000000000        2.2309596948150982E-002   3.8842139862512975E-002   2.9970002521006307E-002
   230.00000000000000        2.2427832976419159E-002   3.8842139862512975E-002   2.9970002521006307E-002
   230.00000000000000        2.2427832976419159E-002   3.8842139862512975E-002   3.0146302538937124E-002
   230.00000000000000        2.2427832976419159E-002   3.8842139862512975E-002   3.0146302538937124E-002
   230.00000000000000        2.2512404833202961E-002   3.8842139862512975E-002   3.0146302538937124E-002
   230.00000000000000        2.2512404833202961E-002   3.9036758248857141E-002   3.4507220151291221E-002
   230.00000000000000        2.2512404833202961E-002   4.4731561058723737E-002   4.1057364106359850E-002
   230.00000000000000        2.2922076841597916E-002   4.4731561058723737E-002   4.1057364106359850E-002
   230.00000000000000        2.2922076841597916E-002   4.4731561058723737E-002   4.2405756953526698E-002
   230.00000000000000        2.2922076841597916E-002   4.4731561058723737E-002   4.2405756953526698E-002
   230.00000000000000        2.2967536991567079E-002   4.4731561058723737E-002   4.2405756953526698E-002
   230.00000000000000        2.2967536991567079E-002   4.4731561058723737E-002   4.2405756953526698E-002
   230.00000000000000        2.2967536991567079E-002   4.4731561058723737E-002   4.2405756953526698E-002
   230.00000000000000        2.2984826726625451E-002   4.4731561058723737E-002   4.2405756953526698E-002
   230.00000000000000        2.2984826726625451E-002   4.4731561058723737E-002   4.2405756953526698E-002
   240.00000000000000        2.2041733935723635E-002   3.8515189025109392E-002   2.0605125713712893E-002
   240.00000000000000        2.2209324950330910E-002   3.8515189025109392E-002   2.9913642145145369E-002
   240.00000000000000        2.2310951082225160E-002   3.8855924802779634E-002   2.9913642145145369E-002
   240.00000000000000        2.2310951082225160E-002   3.8855924802779634E-002   2.9913642145145369E-002
   240.00000000000000        2.2310951082225160E-002   3.8855924802779634E-002   3.0047224178896118E-002
   240.00000000000000        2.2310951082225160E-002   3.8855924802779634E-002   3.0047224178896118E-002
   240.00000000000000        2.2427601519093444E-002   3.8855924802779634E-002   3.0047224178896118E-002
   240.00000000000000        2.2427601519093444E-002   3.8855924802779634E-002   3.0376942978243920E-002
   240.00000000000000        2.2427601519093444E-002   3.8855924802779634E-002   3.0376942978243920E-002
   240.00000000000000        2.2509711738098112E-002   3.8855924802779634E-002   3.0376942978243920E-002
   240.00000000000000        2.2509711738098112E-002   3.9360947628046671E-002   3.5578411217396022E-002
   240.00000000000000        2.2509711738098112E-002   4.7504464063502484E-002   4.5864098301322390E-002
   240.00000000000000        2.2772519388196667E-002   4.7504464063502484E-002   5.8524661775781896E-002
   240.00000000000000        2.2772519388196667E-002   4.7504464063502484E-002   6.3502526332583950E-002
   240.00000000000000        2.2772519388196667E-002   4.7504464063502484E-002   6.5392940217182255E-002
   240.00000000000000        2.2903886847467466E-002   4.7504464063502484E-002   6.5392940217182255E-002
   240.00000000000000        2.2903886847467466E-002   4.7504464063502484E-002   6.5392940217182255E-002
   240.00000000000000        2.2903886847467466E-002   4.7504464063502484E-002   6.6066438339470054E-002
   240.00000000000000        2.2923748977142628E-002   4.7504464063502484E-002   6.6066438339470054E-002
   240.00000000000000        2.2923748977142628E-002   4.7504464063502484E-002   6.6066438339470054E-002
   250.00000000000000        2.2042799342637549E-002   3.8524147981661920E-002   2.0626641911937329E-002
   250.00000000000000        2.2210565043273428E-002   3.8524147981661920E-002   2.9948277051187217E-002
   250.00000000000000        2.2311962686205188E-002   3.8866846681038382E-002   2.9948277051187217E-002
   250.00000000000000        2.2311962686205188E-002   3.8866846681038382E-002   2.9948277051187217E-002
   250.00000000000000        2.2311962686205188E-002   3.8866846681038382E-002   3.0105030123043264E-002
   250.00000000000000        2.2311962686205188E-002   3.8866846681038382E-002   3.0105030123043264E-002
   250.00000000000000        2.2426966656934524E-002   3.8866846681038382E-002   3.0105030123043264E-002
   250.00000000000000        2.2426966656934524E-002   3.8866846681038382E-002   3.0531767835617927E-002
   250.00000000000000        2.2426966656934524E-002   3.8866846681038382E-002   3.0531767835617927E-002
   250.00000000000000        2.2506358876964474E-002   3.8866846681038382E-002   3.0531767835617927E-002
   250.00000000000000        2.2506358876964474E-002   3.9579288705553939E-002   3.6205136290878528E-002
   250.00000000000000        2.2506358876964474E-002   5.0693070445204283E-002   5.0446540601657958E-002
   250.00000000000000        2.2660423470318655E-002   5.0707602891423127E-002   8.5975691886647776E-002
   250.00000000000000        2.2660423470318655E-002   5.0707602891423127E-002   8.9547083771770800E-002
   250.00000000000000        2.2660423470318655E-002   5.0707602891423127E-002   9.8005576653306600E-002
   250.00000000000000        2.2885412454403255E-002   5.0707602891423127E-002   9.8005576653306600E-002
   250.00000000000000        2.2885412454403255E-002   5.0707602891423127E-002   9.8005576653306600E-002
   250.00000000000000        2.2885412454403255E-002   5.0707602891423127E-002   9.8590407457453844E-002
   250.00000000000000        2.2908368579305054E-002   5.0707602891423127E-002   9.8590407457453844E-002
   250.00000000000000        2.2908368579305054E-002   5.0707602891423127E-002   9.8590407457453844E-002
   260.00000000000000        2.2043485972870907E-002   3.8529937712174535E-002   2.0642069982666478E-002
   260.00000000000000        2.2211346108371031E-002   3.8529937712174535E-002   2.9969697294153830E-002
   260.00000000000000        2.2312543306602178E-002   3.8873675292373511E-002   2.9969697294153830E-002
   260.00000000000000        2.2312543306602178E-002   3.8873675292373511E-002   2.9969697294153830E-002
   260.00000000000000        2.2312543306602178E-002   3.8873675292373511E-002   3.0136829427361657E-002
   260.00000000000000        2.2312543306602178E-002   3.8873675292373511E-002   3.0136829427361657E-002
   260.00000000000000        2.2426259747143556E-002   3.8873675292373511E-002   3.0136829427361657E-002
   260.00000000000000        2.2426259747143556E-002   3.8873675292373511E-002   3.0593176100160355E-002
   260.00000000000000        2.2426259747143556E-002   3.8873675292373511E-002   3.0593176100160355E-002
   260.00000000000000        2.2505454447620792E-002   3.8873675292373511E-002   3.0593176100160355E-002
   260.00000000000000        2.2505454447620792E-002   3.9672524993542804E-002   3.6390032376374427E-002
   260.00000000000000        2.2583918203782537E-002   5.4240160893654639E-002   5.4717059043043845E-002
   260.00000000000000        2.2674374129754340E-002   5.4363815477603883E-002  0.11545440561973165     
   260.00000000000000        2.2674374129754340E-002   5.4363815477603883E-002  0.11870399618134349     
   260.00000000000000        2.2674374129754340E-002   5.4363815477603883E-002  0.13233726256038186     
   260.00000000000000        2.2987996608005903E-002   5.4363815477603883E-002  0.13233726256038186     
   260.00000000000000        2.2987996608005903E-002   5.4363815477603883E-002  0.13233726256038186     
   260.00000000000000        2.2987996608005903E-002   5.4363815477603883E-002  0.13271045803342871     
   260.00000000000000        2.3013411595227327E-002   5.4363815477603883E-002  0.13271045803342871     
   260.00000000000000        2.3013411595227327E-002   5.4363815477603883E-002  0.13271045803342871     
   270.00000000000000        2.2043714033544191E-002   3.8531911059580044E-002   2.0649948861060863E-002
   270.00000000000000        2.2211589548136932E-002   3.8531911059580044E-002   2.9975315844724799E-002
   270.00000000000000        2.2312679193147573E-002   3.8875752831702706E-002   2.9975315844724799E-002
   270.00000000000000        2.2312679193147573E-002   3.8875752831702706E-002   2.9975315844724799E-002
   270.00000000000000        2.2312679193147573E-002   3.8875752831702706E-002   3.0139746064122931E-002
   270.00000000000000        2.2312679193147573E-002   3.8875752831702706E-002   3.0139746064122931E-002
   270.00000000000000        2.2425967675460835E-002   3.8875752831702706E-002   3.0139746064122931E-002
   270.00000000000000        2.2425967675460835E-002   3.8875752831702706E-002   3.0558374222176658E-002
   270.00000000000000        2.2425967675460835E-002   3.8875752831702706E-002   3.0558374222176658E-002
   270.00000000000000        2.2510980023635607E-002   3.8875752831702706E-002   3.0558374222176658E-002
   270.00000000000000        2.2510980023635607E-002   3.9645727449017801E-002   3.6244155075492591E-002
   270.00000000000000        2.2668456961587456E-002   5.8117130424628211E-002   5.8724687818952494E-002
   270.00000000000000        2.2737826920671316E-002   5.8498000956140141E-002  0.14562678816682542     
   270.00000000000000        2.2737826920671316E-002   5.8498000956140141E-002  0.14917982826094531     
   270.00000000000000        2.2737826920671316E-002   5.9343971328108980E-002  0.16636106796714012     
   270.00000000000000        2.3119400714096631E-002   5.9455242670044706E-002  0.16636106796714012     
   270.00000000000000        2.3119400714096631E-002   5.9455242670044706E-002  0.16636106796714012     
   270.00000000000000        2.3119400714096631E-002   5.9455242670044706E-002  0.16648344745092278     
   270.00000000000000        2.3148219782231742E-002   5.9455242670044706E-002  0.16648344745092278     
   270.00000000000000        2.3148219782231742E-002   5.9455242670044706E-002  0.16648344745092278     
   280.00000000000000        2.2043459482928605E-002   3.8529921661952161E-002   2.0649756941208807E-002
   280.00000000000000        2.2211285065288661E-002   3.8529921661952161E-002   2.9964451679234450E-002
   280.00000000000000        2.2312422980454945E-002   3.8873064297570759E-002   2.9964451679234450E-002
   280.00000000000000        2.2312422980454945E-002   3.8873064297570759E-002   2.9964451679234450E-002
   280.00000000000000        2.2312422980454945E-002   3.8873064297570759E-002   3.0114699786467174E-002
   280.00000000000000        2.2312422980454945E-002   3.8873064297570759E-002   3.0114699786467174E-002
   280.00000000000000        2.2426611279752307E-002   3.8873064297570759E-002   3.0114699786467174E-002
   280.00000000000000        2.2426611279752307E-002   3.8873064297570759E-002   3.0437973933874464E-002
   280.00000000000000        2.2426611279752307E-002   3.8873064297570759E-002   3.0437973933874464E-002
   280.00000000000000        2.2526810869088622E-002   3.8873064297570759E-002   3.0437973933874464E-002
   280.00000000000000        2.2526810869088622E-002   3.9524376182173387E-002   3.5897316779225197E-002
   280.00000000000000        2.2766170851185995E-002   6.2276283504822567E-002   6.2546774959206894E-002
   280.00000000000000        2.2846414044897290E-002   6.4504704535582338E-002  0.17500798122984643     
   280.00000000000000        2.2846414044897290E-002   6.4504704535582338E-002  0.17961966014945230     
   280.00000000000000        2.2846414044897290E-002   6.5174284461516338E-002  0.19897612219418767     
   280.00000000000000        2.3259701499548584E-002   6.5284300349801136E-002  0.19897612219418767     
   280.00000000000000        2.3259701499548584E-002   6.5284300349801136E-002  0.19897612219418767     
   280.00000000000000        2.3259701499548584E-002   6.5284300349801136E-002  0.19909166963511604     
   280.00000000000000        2.3294804156718096E-002   6.5284300349801136E-002  0.19909166963511604     
   280.00000000000000        2.3294804156718096E-002   6.5415020753699496E-002  0.19909166963511604     
   290.00000000000000        2.2042756141364882E-002   3.8524291917049765E-002   2.0642017342933545E-002
   290.00000000000000        2.2210488085013053E-002   3.8524291917049765E-002   2.9938482107619936E-002
   290.00000000000000        2.2311874236239006E-002   3.8866160077924233E-002   2.9938482107619936E-002
   290.00000000000000        2.2311874236239006E-002   3.8866160077924233E-002   2.9938482107619936E-002
   290.00000000000000        2.2311874236239006E-002   3.8866160077924233E-002   3.0066026126639164E-002
   290.00000000000000        2.2311874236239006E-002   3.8866160077924233E-002   3.0066026126639164E-002
   290.00000000000000        2.2428598794096317E-002   3.8866160077924233E-002   3.0066026126639164E-002
   290.00000000000000        2.2428598794096317E-002   3.8866160077924233E-002   3.0252639940696959E-002
   290.00000000000000        2.2428598794096317E-002   3.8866160077924233E-002   3.0252639940696959E-002
   290.00000000000000        2.2555586651586065E-002   3.8866160077924233E-002   3.0252639940696959E-002
   290.00000000000000        2.2555586651586065E-002   3.9346008452117130E-002   3.5456620736552071E-002
   290.00000000000000        2.2884618823729625E-002   6.6626765608991820E-002   6.6230175317660137E-002
   290.00000000000000        2.2992631803963413E-002   7.1386851964154174E-002  0.20196107591410176     
   290.00000000000000        2.2992631803963413E-002   7.1386851964154174E-002  0.20877825079132042     
   290.00000000000000        2.2992631803963413E-002   7.1386851964154174E-002  0.22952019333840151     
   290.00000000000000        2.3389878825243744E-002   7.1386851964154174E-002  0.22952019333840151     
   290.00000000000000        2.3389878825243744E-002   7.1386851964154174E-002  0.22952019333840151     
   290.00000000000000        2.3389878825243744E-002   7.1386851964154174E-002  0.22954068211100079     
   290.00000000000000        2.3429475973259076E-002   7.1386851964154174E-002  0.22954068211100079     
   290.00000000000000        2.3429475973259076E-002   7.1386851964154174E-002  0.22954068211100079     
   300.00000000000000        2.2041692299869672E-002   3.8515755670711936E-002   2.0628160497746673E-002
   300.00000000000000        2.2209310742463351E-002   3.8515755670711936E-002   2.9900611790094150E-002
   300.00000000000000        2.2311155916587163E-002   3.8856041999687695E-002   2.9900611790094150E-002
   300.00000000000000        2.2311155916587163E-002   3.8856041999687695E-002   2.9900611790094150E-002
   300.00000000000000        2.2311155916587163E-002   3.8856041999687695E-002   3.0000561226410514E-002
   300.00000000000000        2.2311155916587163E-002   3.8856041999687695E-002   3.0000561226410514E-002
   300.00000000000000        2.2432093919795438E-002   3.8856041999687695E-002   3.0000561226410514E-002
   300.00000000000000        2.2432093919795438E-002   3.8856041999687695E-002   3.0028552973787103E-002
   300.00000000000000        2.2432093919795438E-002   3.8856041999687695E-002   3.0028552973787103E-002
   300.00000000000000        2.2597728909860879E-002   3.8856041999687695E-002   3.0028552973787103E-002
   300.00000000000000        2.2597728909860879E-002   3.9150212630828407E-002   3.5030894490135404E-002
   300.00000000000000        2.3026735278444972E-002   7.1025022551677933E-002   6.9803697354416050E-002
   300.00000000000000        2.3164146856188204E-002   7.8537112063425951E-002  0.22489418745726145     
   300.00000000000000        2.3164146856188204E-002   7.9531132586335235E-002  0.23578251378834839     
   300.00000000000000        2.3164146856188204E-002   7.9531132586335235E-002  0.25636907239222234     
   300.00000000000000        2.3491264869007572E-002   7.9531132586335235E-002  0.25636907239222234     
   300.00000000000000        2.3491264869007572E-002   7.9531132586335235E-002  0.25636907239222234     
   300.00000000000000        2.3491264869007572E-002   7.9531132586335235E-002  0.25636907239222234     
   300.00000000000000        2.3531836664240663E-002   7.9531132586335235E-002  0.25636907239222234     
   300.00000000000000        2.3531836664240663E-002   7.9531132586335235E-002  0.25636907239222234     
   310.00000000000000        2.2040398889043675E-002   3.8505254900364667E-002   2.0610273697927034E-002
   310.00000000000000        2.2207904887547692E-002   3.8505254900364667E-002   2.9855398415219399E-002
   310.00000000000000        2.2310389060157938E-002   3.8843903745186051E-002   2.9855398415219399E-002
   310.00000000000000        2.2310389060157938E-002   3.8843903745186051E-002   2.9855398415219399E-002
   310.00000000000000        2.2310389060157938E-002   3.8843903745186051E-002   2.9926500056569487E-002
   310.00000000000000        2.2310389060157938E-002   3.8843903745186051E-002   2.9926500056569487E-002
   310.00000000000000        2.2436932341530786E-002   3.8843903745186051E-002   2.9926500056569487E-002
   310.00000000000000        2.2436932341530786E-002   3.8843903745186051E-002   2.9926500056569487E-002
   310.00000000000000        2.2436932341530786E-002   3.8843903745186051E-002   2.9926500056569487E-002
   310.00000000000000        2.2650880623996377E-002   3.8948314914033257E-002   3.0786796517531308E-002
   310.00000000000000        2.2650880623996377E-002   3.9074158549707520E-002   3.5568124986786777E-002
   310.00000000000000        2.3188701923678574E-002   7.5279118815438029E-002   7.3250490177118849E-002
   310.00000000000000        2.3345636395746855E-002   8.5567797957100497E-002  0.24264311587785248     
   310.00000000000000        2.3345636395746855E-002   8.5876862190942177E-002  0.26035598041489783     
   310.00000000000000        2.3345636395746855E-002   8.5876862190942177E-002  0.27909900276262462     
   310.00000000000000        2.3551950281785500E-002   8.5876862190942177E-002  0.27909900276262462     
   310.00000000000000        2.3551950281785500E-002   8.5882551085446707E-002  0.27909900276262462     
   310.00000000000000        2.3551950281785500E-002   8.5882551085446707E-002  0.27909900276262462     
   310.00000000000000        2.3591995573130718E-002   8.5882551085446707E-002  0.27909900276262462     
   310.00000000000000        2.3591995573130718E-002   8.5882551085446707E-002  0.27909900276262462     
   320.00000000000000        2.2039032604338864E-002   3.8494041662296190E-002   2.0590813509939389E-002
   320.00000000000000        2.2206441985630331E-002   3.8494041662296190E-002   2.9808147901395424E-002
   320.00000000000000        2.2309673662104651E-002   3.8831195445162399E-002   2.9808147901395424E-002
   320.00000000000000        2.2309673662104651E-002   3.8831195445162399E-002   2.9808147901395424E-002
   320.00000000000000        2.2309673662104651E-002   3.8831195445162399E-002   2.9852278369757033E-002
   320.00000000000000        2.2309673662104651E-002   3.8831195445162399E-002   2.9852278369757033E-002
   320.00000000000000        2.2442613834681421E-002   3.8831195445162399E-002   2.9852278369757033E-002
   320.00000000000000        2.2442613834681421E-002   3.8831195445162399E-002   2.9852278369757033E-002
   320.00000000000000        2.2442613834681421E-002   3.8831195445162399E-002   2.9852278369757033E-002
   320.00000000000000        2.2709959550022647E-002   3.9274700317729117E-002   3.1801770880502241E-002
   320.00000000000000        2.2709959550022647E-002   3.9274700317729117E-002   3.6476749232527798E-002
   320.00000000000000        2.3359489154918714E-002   7.9167320817650141E-002   7.6481892545657945E-002
   320.00000000000000        2.3520869950332934E-002   9.2089177082777390E-002  0.25458442733437364     
   320.00000000000000        2.3520869950332934E-002   9.2089177082777390E-002  0.28201380817182281     
   320.00000000000000        2.3520869950332934E-002   9.2089177082777390E-002  0.29843338463509911     
   320.00000000000000        2.3572520063317125E-002   9.2089177082777390E-002  0.29843338463509911     
   320.00000000000000        2.3572520063317125E-002   9.2089177082777390E-002  0.29843338463509911     
   320.00000000000000        2.3572520063317125E-002   9.2089177082777390E-002  0.29843338463509911     
   320.00000000000000        2.3610700339538913E-002   9.2089177082777390E-002  0.29843338463509911     
   320.00000000000000        2.3610700339538913E-002   9.2089177082777390E-002  0.29843338463509911     
   330.00000000000000        2.2037757415158597E-002   3.8483526920985861E-002   2.0572328569977993E-002
   330.00000000000000        2.2205093416030067E-002   3.8483526920985861E-002   2.9764307913392397E-002
   330.00000000000000        2.2309079489129989E-002   3.8819458752811002E-002   2.9764307913392397E-002
   330.00000000000000        2.2309079489129989E-002   3.8819458752811002E-002   2.9764307913392397E-002
   330.00000000000000        2.2309079489129989E-002   3.8819458752811002E-002   2.9785686355374773E-002
   330.00000000000000        2.2309079489129989E-002   3.8819458752811002E-002   2.9785686355374773E-002
   330.00000000000000        2.2448378414174613E-002   3.8819458752811002E-002   2.9869888028239665E-002
   330.00000000000000        2.2448378414174613E-002   3.8819458752811002E-002   2.9869888028239665E-002
   330.00000000000000        2.2448378414174613E-002   3.8819458752811002E-002   2.9869888028239665E-002
   330.00000000000000        2.2767866188393715E-002   3.9591232002349111E-002   3.2779788163104180E-002
   330.00000000000000        2.2767866188393715E-002   3.9591232002349111E-002   3.7472527660509819E-002
   330.00000000000000        2.3522304829861115E-002   8.2465282290805228E-002   7.9338399272666407E-002
   330.00000000000000        2.3674601735653441E-002   9.7693000085277606E-002  0.26110800827272695     
   330.00000000000000        2.3674601735653441E-002   9.7693000085277606E-002  0.30009096995316809     
   330.00000000000000        2.3674601735653441E-002   9.7693000085277606E-002  0.31440131033889546     
   330.00000000000000        2.3674601735653441E-002   9.7693000085277606E-002  0.31440131033889546     
   330.00000000000000        2.3674601735653441E-002   9.7693000085277606E-002  0.31440131033889546     
   330.00000000000000        2.3674601735653441E-002   9.7693000085277606E-002  0.31440131033889546     
   330.00000000000000        2.3674601735653441E-002   9.7693000085277606E-002  0.31440131033889546     
   330.00000000000000        2.3674601735653441E-002   9.7693000085277606E-002  0.31440131033889546     
   340.00000000000000        2.2036724794603779E-002   3.8474980562592909E-002   2.0557175437418473E-002
   340.00000000000000        2.2204011729529981E-002   3.8474980562592909E-002   2.9728883289991070E-002
   340.00000000000000        2.2308645464343746E-002   3.8810028286602863E-002   2.9728883289991070E-002
   340.00000000000000        2.2308645464343746E-002   3.8810028286602863E-002   2.9728883289991070E-002
   340.00000000000000        2.2308645464343746E-002   3.8810028286602863E-002   2.9733244298121794E-002
   340.00000000000000        2.2308645464343746E-002   3.8810028286602863E-002   2.9733244298121794E-002
   340.00000000000000        2.2453350554098962E-002   3.8810028286602863E-002   2.9910793527663466E-002
   340.00000000000000        2.2453350554098962E-002   3.8813144434603306E-002   2.9910793527663466E-002
   340.00000000000000        2.2453350554098962E-002   3.8813144434603306E-002   2.9910793527663466E-002
   340.00000000000000        2.2816722884454094E-002   3.9856317370705677E-002   3.3595891453170740E-002
   340.00000000000000        2.2816722884454094E-002   3.9856317370705677E-002   3.8375260371368257E-002
   340.00000000000000        2.3657686598869351E-002   8.4973921996703936E-002   8.1612791576343477E-002
   340.00000000000000        2.3793997045998713E-002  0.10200421721840362       0.26366487944509054     
   340.00000000000000        2.3793997045998713E-002  0.10200421721840362       0.31383875982882714     
   340.00000000000000        2.3793997045998713E-002  0.10200421721840362       0.32663537262124126     
   340.00000000000000        2.3793997045998713E-002  0.10200421721840362       0.32663537262124126     
   340.00000000000000        2.3793997045998713E-002  0.10200421721840362       0.32663537262124126     
   340.00000000000000        2.3793997045998713E-002  0.10200421721840362       0.32663537262124126     
   340.00000000000000        2.3793997045998713E-002  0.10200421721840362       0.32663537262124126     
   340.00000000000000        2.3793997045998713E-002  0.10200421721840362       0.32663537262124126     
   350.00000000000000        2.2036056970811117E-002   3.8469417182023423E-002   2.0547252400497852E-002
   350.00000000000000        2.2203316562068039E-002   3.8469417182023423E-002   2.9705887971372136E-002
   350.00000000000000        2.2308387773177847E-002   3.8803936927321973E-002   2.9705887971372136E-002
   350.00000000000000        2.2308387773177847E-002   3.8803936927321973E-002   2.9705887971372136E-002
   350.00000000000000        2.2308387773177847E-002   3.8803936927321973E-002   2.9705887971372136E-002
   350.00000000000000        2.2308387773177847E-002   3.8803936927321973E-002   2.9705887971372136E-002
   350.00000000000000        2.2456720533902193E-002   3.8803936927321973E-002   2.9945985352550289E-002
   350.00000000000000        2.2456720533902193E-002   3.8857682155003313E-002   2.9945985352550289E-002
   350.00000000000000        2.2456720533902193E-002   3.8857682155003313E-002   2.9945985352550289E-002
   350.00000000000000        2.2849383900528288E-002   4.0032691865380755E-002   3.4143984620041132E-002
   350.00000000000000        2.2849383900528288E-002   4.0032691865380755E-002   3.9005447644124107E-002
   350.00000000000000        2.3747524193203935E-002   8.6541293221861132E-002   8.3089962544374646E-002
   350.00000000000000        2.3869516492293900E-002  0.10472220541787303       0.26415957481391494     
   350.00000000000000        2.3869516492293900E-002  0.10472220541787303       0.32248822945203615     
   350.00000000000000        2.3869516492293900E-002  0.10472220541787303       0.33444057472800826     
   350.00000000000000        2.3869516492293900E-002  0.10472220541787303       0.33444057472800826     
   350.00000000000000        2.3869516492293900E-002  0.10472220541787303       0.33444057472800826     
   350.00000000000000        2.3869516492293900E-002  0.10472220541787303       0.33444057472800826     
   350.00000000000000        2.3869516492293900E-002  0.10472220541787303       0.33444057472800826     
   350.00000000000000        2.3869516492293900E-002  0.10472220541787303       0.33444057472800826     
