   0.0000000000000000        2.2029688563705643E-002   3.8464100830272713E-002   2.0545712197567789E-002
   0.0000000000000000        2.2196949381762556E-002   3.8464100830272713E-002   2.9693515804156047E-002
   0.0000000000000000        2.2302632241058110E-002   3.8798765248168846E-002   2.9693515804156047E-002
   0.0000000000000000        2.2302632241058110E-002   3.8798765248168846E-002   2.9693515804156047E-002
   0.0000000000000000        2.2302632241058110E-002   3.8798765248168846E-002   2.9693515804156047E-002
   0.0000000000000000        2.2302632241058110E-002   3.8798765248168846E-002   2.9693515804156047E-002
   0.0000000000000000        2.2452895712842723E-002   3.8798765248168846E-002   2.9972062421491606E-002
   0.0000000000000000        2.2452895712842723E-002   3.8882999389828810E-002   2.9972062421491606E-002
   0.0000000000000000        2.2452895712842723E-002   3.8882999389828810E-002   2.9972062421491606E-002
   0.0000000000000000        2.2833911895519286E-002   4.0034087011441115E-002   3.4435985443170447E-002
   0.0000000000000000        2.2833911895519286E-002   4.0426845068299140E-002   4.1809371645669891E-002
   0.0000000000000000        2.3440450797557525E-002   6.0556381907075740E-002   7.6948730818937452E-002
   0.0000000000000000        2.3529441175722757E-002   7.1166978188834967E-002  0.17007571457350154     
   0.0000000000000000        2.3529441175722757E-002   7.1166978188834967E-002  0.22348292046204293     
   0.0000000000000000        2.3529441175722757E-002   7.1166978188834967E-002  0.23548425850998619     
   0.0000000000000000        2.3529441175722757E-002   7.1166978188834967E-002  0.23548425850998619     
   0.0000000000000000        2.3529441175722757E-002   7.1166978188834967E-002  0.23548425850998619     
   0.0000000000000000        2.3529441175722757E-002   7.1166978188834967E-002  0.23548425850998619     
   0.0000000000000000        2.3529441175722757E-002   7.1166978188834967E-002  0.23548425850998619     
   0.0000000000000000        2.3529441175722757E-002   7.1166978188834967E-002  0.23548425850998619     
   10.000000000000000        2.2035997181169137E-002   3.8467798040233883E-002   2.0549924478264651E-002
   10.000000000000000        2.2203297742358619E-002   3.8467798040233883E-002   2.9702609951059840E-002
   10.000000000000000        2.2308555085670617E-002   3.8802634087150581E-002   2.9702609951059840E-002
   10.000000000000000        2.2308555085670617E-002   3.8802634087150581E-002   2.9702609951059840E-002
   10.000000000000000        2.2308555085670617E-002   3.8802634087150581E-002   2.9702609951059840E-002
   10.000000000000000        2.2308555085670617E-002   3.8802634087150581E-002   2.9702609951059840E-002
   10.000000000000000        2.2458276785021575E-002   3.8802634087150581E-002   2.9958608199156616E-002
   10.000000000000000        2.2458276785021575E-002   3.8868820473340809E-002   2.9958608199156616E-002
   10.000000000000000        2.2458276785021575E-002   3.8868820473340809E-002   2.9958608199156616E-002
   10.000000000000000        2.2830384028960531E-002   3.9978879036342722E-002   3.4251265467758682E-002
   10.000000000000000        2.2830384028960531E-002   4.0366517004725551E-002   4.1542428449004506E-002
   10.000000000000000        2.3422336762281667E-002   6.0324796983749332E-002   7.6439830546986248E-002
   10.000000000000000        2.3514117898966198E-002   7.0695897204286942E-002  0.16966712450427207     
   10.000000000000000        2.3514117898966198E-002   7.0695897204286942E-002  0.22132765005612756     
   10.000000000000000        2.3514117898966198E-002   7.0695897204286942E-002  0.23337458159803012     
   10.000000000000000        2.3514117898966198E-002   7.0695897204286942E-002  0.23337458159803012     
   10.000000000000000        2.3514117898966198E-002   7.0695897204286942E-002  0.23337458159803012     
   10.000000000000000        2.3514117898966198E-002   7.0695897204286942E-002  0.23337458159803012     
   10.000000000000000        2.3514117898966198E-002   7.0695897204286942E-002  0.23337458159803012     
   10.000000000000000        2.3514117898966198E-002   7.0695897204286942E-002  0.23337458159803012     
   20.000000000000000        2.2036691190483546E-002   3.8473459445044718E-002   2.0559821504187305E-002
   20.000000000000000        2.2204017974848281E-002   3.8473459445044718E-002   2.9725962114791518E-002
   20.000000000000000        2.2308822445222486E-002   3.8808811834447766E-002   2.9725962114791518E-002
   20.000000000000000        2.2308822445222486E-002   3.8808811834447766E-002   2.9725962114791518E-002
   20.000000000000000        2.2308822445222486E-002   3.8808811834447766E-002   2.9731129961365961E-002
   20.000000000000000        2.2308822445222486E-002   3.8808811834447766E-002   2.9731129961365961E-002
   20.000000000000000        2.2454864445515314E-002   3.8808811834447766E-002   2.9923252795445096E-002
   20.000000000000000        2.2454864445515314E-002   3.8824329898335730E-002   2.9923252795445096E-002
   20.000000000000000        2.2454864445515314E-002   3.8824329898335730E-002   2.9923252795445096E-002
   20.000000000000000        2.2801802401673125E-002   3.9817205257681204E-002   3.3726062740376032E-002
   20.000000000000000        2.2801802401673125E-002   4.0194665942440935E-002   4.0789054667162955E-002
   20.000000000000000        2.3351289554288050E-002   5.9633410777995492E-002   7.4979277160627911E-002
   20.000000000000000        2.3449471631117873E-002   6.9312444007212398E-002  0.16820892977969129     
   20.000000000000000        2.3449471631117873E-002   6.9312444007212398E-002  0.21501922698308454     
   20.000000000000000        2.3449471631117873E-002   6.9312444007212398E-002  0.22721023303276358     
   20.000000000000000        2.3449471631117873E-002   6.9312444007212398E-002  0.22721023303276358     
   20.000000000000000        2.3449471631117873E-002   6.9312444007212398E-002  0.22721023303276358     
   20.000000000000000        2.3449471631117873E-002   6.9312444007212398E-002  0.22721023303276358     
   20.000000000000000        2.3449471631117873E-002   6.9312444007212398E-002  0.22721023303276358     
   20.000000000000000        2.3449471631117873E-002   6.9312444007212398E-002  0.22721023303276358     
   30.000000000000000        2.2037760200776545E-002   3.8482161603082703E-002   2.0574936370594467E-002
   30.000000000000000        2.2205132800712759E-002   3.8482161603082703E-002   2.9761945749269648E-002
   30.000000000000000        2.2309270372371549E-002   3.8818379311539579E-002   2.9761945749269648E-002
   30.000000000000000        2.2309270372371549E-002   3.8818379311539579E-002   2.9761945749269648E-002
   30.000000000000000        2.2309270372371549E-002   3.8818379311539579E-002   2.9784107436520685E-002
   30.000000000000000        2.2309270372371549E-002   3.8818379311539579E-002   2.9784107436520685E-002
   30.000000000000000        2.2449799051697496E-002   3.8818379311539579E-002   2.9880845021983331E-002
   30.000000000000000        2.2449799051697496E-002   3.8818379311539579E-002   2.9880845021983331E-002
   30.000000000000000        2.2449799051697496E-002   3.8818379311539579E-002   2.9880845021983331E-002
   30.000000000000000        2.2758940685049037E-002   3.9573766338381479E-002   3.2941052330285416E-002
   30.000000000000000        2.2758940685049037E-002   3.9945878299450739E-002   3.9680642650506033E-002
   30.000000000000000        2.3243923490355516E-002   5.8532561744932939E-002   7.2721471960932260E-002
   30.000000000000000        2.3349139928689859E-002   6.7125932682571679E-002  0.16514314680285050     
   30.000000000000000        2.3349139928689859E-002   6.7125932682571679E-002  0.20495121251162268     
   30.000000000000000        2.3349139928689859E-002   6.7125932682571679E-002  0.21739794756437814     
   30.000000000000000        2.3349139928689859E-002   6.7125932682571679E-002  0.21739794756437814     
   30.000000000000000        2.3349139928689859E-002   6.7125932682571679E-002  0.21739794756437814     
   30.000000000000000        2.3349139928689859E-002   6.7125932682571679E-002  0.21739794756437814     
   30.000000000000000        2.3349139928689859E-002   6.7125932682571679E-002  0.21739794756437814     
   30.000000000000000        2.3349139928689859E-002   6.7125932682571679E-002  0.21739794756437814     
   40.000000000000000        2.2039069684571554E-002   3.8492880991437266E-002   2.0593352028273133E-002
   40.000000000000000        2.2206511784291692E-002   3.8492880991437266E-002   2.9806491086983050E-002
   40.000000000000000        2.2309869815124200E-002   3.8830297980734924E-002   2.9806491086983050E-002
   40.000000000000000        2.2309869815124200E-002   3.8830297980734924E-002   2.9806491086983050E-002
   40.000000000000000        2.2309869815124200E-002   3.8830297980734924E-002   2.9851400439095011E-002
   40.000000000000000        2.2309869815124200E-002   3.8830297980734924E-002   2.9851400439095011E-002
   40.000000000000000        2.2443897116489302E-002   3.8830297980734924E-002   2.9851400439095011E-002
   40.000000000000000        2.2443897116489302E-002   3.8830297980734924E-002   2.9851400439095011E-002
   40.000000000000000        2.2443897116489302E-002   3.8830297980734924E-002   2.9851400439095011E-002
   40.000000000000000        2.2707935231429836E-002   3.9282147029098040E-002   3.1996094961739018E-002
   40.000000000000000        2.2707935231429836E-002   3.9666068504243632E-002   3.8397654928888039E-002
   40.000000000000000        2.3114245260789465E-002   5.7094726220861751E-002   6.9869105386560923E-002
   40.000000000000000        2.3223318485673963E-002   6.4301130766227288E-002  0.15973595175243335     
   40.000000000000000        2.3223318485673963E-002   6.4301130766227288E-002  0.19167031792140593     
   40.000000000000000        2.3223318485673963E-002   6.4301130766227288E-002  0.20445794851312946     
   40.000000000000000        2.3257979253198575E-002   6.4301130766227288E-002  0.20445794851312946     
   40.000000000000000        2.3257979253198575E-002   6.4301130766227288E-002  0.20445794851312946     
   40.000000000000000        2.3257979253198575E-002   6.4301130766227288E-002  0.20445794851312946     
   40.000000000000000        2.3283289919798517E-002   6.4301130766227288E-002  0.20445794851312946     
   40.000000000000000        2.3283289919798517E-002   6.4301130766227288E-002  0.20445794851312946     
   50.000000000000000        2.2040463085762296E-002   3.8504348165260958E-002   2.0612685382422186E-002
   50.000000000000000        2.2207997511519164E-002   3.8504348165260958E-002   2.9854518068721188E-002
   50.000000000000000        2.2310579118529222E-002   3.8843235545740477E-002   2.9854518068721188E-002
   50.000000000000000        2.2310579118529222E-002   3.8843235545740477E-002   2.9854518068721188E-002
   50.000000000000000        2.2310579118529222E-002   3.8843235545740477E-002   2.9926427506677268E-002
   50.000000000000000        2.2310579118529222E-002   3.8843235545740477E-002   2.9926427506677268E-002
   50.000000000000000        2.2438034665235203E-002   3.8843235545740477E-002   2.9926427506677268E-002
   50.000000000000000        2.2438034665235203E-002   3.8843235545740477E-002   2.9926427506677268E-002
   50.000000000000000        2.2438034665235203E-002   3.8843235545740477E-002   2.9926427506677268E-002
   50.000000000000000        2.2655536607844702E-002   3.8979867886646577E-002   3.1008675601615784E-002
   50.000000000000000        2.2655536607844702E-002   3.9401596055098943E-002   3.7125377422466570E-002
   50.000000000000000        2.2977366830449840E-002   5.5410310917506082E-002   6.6616851475405248E-002
   50.000000000000000        2.3084491314637960E-002   6.1042807317862081E-002  0.15135323269492967     
   50.000000000000000        2.3084491314637960E-002   6.1042807317862081E-002  0.17576576661151322     
   50.000000000000000        2.3084491314637960E-002   6.1044537743425664E-002  0.18886015291015937     
   50.000000000000000        2.3234282694479479E-002   6.1117946820151169E-002  0.18886015291015937     
   50.000000000000000        2.3234282694479479E-002   6.1118303310205041E-002  0.18886015291015937     
   50.000000000000000        2.3234282694479479E-002   6.1118303310205041E-002  0.18886015291015937     
   50.000000000000000        2.3263633796739701E-002   6.1118303310205041E-002  0.18886015291015937     
   50.000000000000000        2.3263633796739701E-002   6.1118303310205041E-002  0.18886015291015937     
   60.000000000000000        2.2041773014990999E-002   3.8515193352067670E-002   2.0630355914934756E-002
   60.000000000000000        2.2209415362448481E-002   3.8515193352067670E-002   2.9900491423339681E-002
   60.000000000000000        2.2311327411701838E-002   3.8855692522497307E-002   2.9900491423339681E-002
   60.000000000000000        2.2311327411701838E-002   3.8855692522497307E-002   2.9900491423339681E-002
   60.000000000000000        2.2311327411701838E-002   3.8855692522497307E-002   3.0001314129226946E-002
   60.000000000000000        2.2311327411701838E-002   3.8855692522497307E-002   3.0001314129226946E-002
   60.000000000000000        2.2432974338771401E-002   3.8855692522497307E-002   3.0001314129226946E-002
   60.000000000000000        2.2432974338771401E-002   3.8855692522497307E-002   3.0032914410883425E-002
   60.000000000000000        2.2432974338771401E-002   3.8855692522497307E-002   3.0032914410883425E-002
   60.000000000000000        2.2607813148177690E-002   3.8855692522497307E-002   3.0119947513378261E-002
   60.000000000000000        2.2607813148177690E-002   3.9341547155884039E-002   3.6012400501469921E-002
   60.000000000000000        2.2846423754531144E-002   5.3575884171690284E-002   6.3116787537476890E-002
   60.000000000000000        2.2945874724232748E-002   5.7576342024051839E-002  0.13971190841350722     
   60.000000000000000        2.2945874724232748E-002   5.7576342024051839E-002  0.15780802006936059     
   60.000000000000000        2.2945874724232748E-002   5.8110114448773127E-002  0.17094088798164947     
   60.000000000000000        2.3187522516782678E-002   5.8244258106111793E-002  0.17094088798164947     
   60.000000000000000        2.3187522516782678E-002   5.8244258106111793E-002  0.17094088798164947     
   60.000000000000000        2.3187522516782678E-002   5.8244258106111793E-002  0.17094088798164947     
   60.000000000000000        2.3220091024744056E-002   5.8244258106111793E-002  0.17094088798164947     
   60.000000000000000        2.3220091024744056E-002   5.8244258106111793E-002  0.17094088798164947     
   70.000000000000000        2.2042841035699472E-002   3.8524109198463732E-002   2.0643885300142679E-002
   70.000000000000000        2.2210592129182607E-002   3.8524109198463732E-002   2.9939040575593347E-002
   70.000000000000000        2.2312014679677389E-002   3.8866160446109806E-002   2.9939040575593347E-002
   70.000000000000000        2.2312014679677389E-002   3.8866160446109806E-002   2.9939040575593347E-002
   70.000000000000000        2.2312014679677389E-002   3.8866160446109806E-002   3.0067548314412950E-002
   70.000000000000000        2.2312014679677389E-002   3.8866160446109806E-002   3.0067548314412950E-002
   70.000000000000000        2.2429220518286788E-002   3.8866160446109806E-002   3.0067548314412950E-002
   70.000000000000000        2.2429220518286788E-002   3.8866160446109806E-002   3.0253632763360540E-002
   70.000000000000000        2.2429220518286788E-002   3.8866160446109806E-002   3.0253632763360540E-002
   70.000000000000000        2.2569087425401226E-002   3.8866160446109806E-002   3.0253632763360540E-002
   70.000000000000000        2.2569087425401226E-002   3.9431498344588298E-002   3.5890224494606673E-002
   70.000000000000000        2.2730182157718139E-002   5.1680233159103216E-002   5.9466910652013469E-002
   70.000000000000000        2.2819764155917886E-002   5.4127668191423034E-002  0.12500430696388570     
   70.000000000000000        2.2819764155917886E-002   5.4127668191423034E-002  0.13834732024005109     
   70.000000000000000        2.2819764155917886E-002   5.5048129152964732E-002  0.15095777225721782     
   70.000000000000000        2.3118510644778049E-002   5.5212354215239755E-002  0.15095777225721782     
   70.000000000000000        2.3118510644778049E-002   5.5212354215239755E-002  0.15095777225721782     
   70.000000000000000        2.3118510644778049E-002   5.5212354215239755E-002  0.15095777225721782     
   70.000000000000000        2.3152832158119193E-002   5.5212354215239755E-002  0.15095777225721782     
   70.000000000000000        2.3152832158119193E-002   5.5212354215239755E-002  0.15095777225721782     
   80.000000000000000        2.2043536629955847E-002   3.8530009170526042E-002   2.0651197610960435E-002
   80.000000000000000        2.2211376132415122E-002   3.8530009170526042E-002   2.9965584039706887E-002
   80.000000000000000        2.2312521182535225E-002   3.8873297825698983E-002   2.9965584039706887E-002
   80.000000000000000        2.2312521182535225E-002   3.8873297825698983E-002   2.9965584039706887E-002
   80.000000000000000        2.2312521182535225E-002   3.8873297825698983E-002   3.0116885641717810E-002
   80.000000000000000        2.2312521182535225E-002   3.8873297825698983E-002   3.0116885641717810E-002
   80.000000000000000        2.2426943548480540E-002   3.8873297825698983E-002   3.0116885641717810E-002
   80.000000000000000        2.2426943548480540E-002   3.8873297825698983E-002   3.0436802342717360E-002
   80.000000000000000        2.2426943548480540E-002   3.8873297825698983E-002   3.0436802342717360E-002
   80.000000000000000        2.2541337837393514E-002   3.8873297825698983E-002   3.0436802342717360E-002
   80.000000000000000        2.2541337837393514E-002   3.9511777724622353E-002   3.5891394177824609E-002
   80.000000000000000        2.2631890355819421E-002   4.9789943690166837E-002   5.5713130853270322E-002
   80.000000000000000        2.2716025241886872E-002   5.0898985322691437E-002  0.10785440488566289     
   80.000000000000000        2.2716025241886872E-002   5.0898985322691437E-002  0.11797222556825547     
   80.000000000000000        2.2716025241886872E-002   5.2027185029862762E-002  0.12924898842298344     
   80.000000000000000        2.3033303020702604E-002   5.2187898134776249E-002  0.12924898842298344     
   80.000000000000000        2.3033303020702604E-002   5.2187898134776249E-002  0.12924898842298344     
   80.000000000000000        2.3033303020702604E-002   5.2187898134776249E-002  0.12937082197081209     
   80.000000000000000        2.3067224761786763E-002   5.2187898134776249E-002  0.12937082197081209     
   80.000000000000000        2.3067224761786763E-002   5.2187898134776249E-002  0.12937082197081209     
   90.000000000000000        2.2043773066476990E-002   3.8532148273106095E-002   2.0650892016825167E-002
   90.000000000000000        2.2211656563838583E-002   3.8532148273106095E-002   2.9976896845696082E-002
   90.000000000000000        2.2312725895512239E-002   3.8876090147179722E-002   2.9976896845696082E-002
   90.000000000000000        2.2312725895512239E-002   3.8876090147179722E-002   2.9976896845696082E-002
   90.000000000000000        2.2312725895512239E-002   3.8876090147179722E-002   3.0142434915607169E-002
   90.000000000000000        2.2312725895512239E-002   3.8876090147179722E-002   3.0142434915607169E-002
   90.000000000000000        2.2425986797512822E-002   3.8876090147179722E-002   3.0142434915607169E-002
   90.000000000000000        2.2425986797512822E-002   3.8876090147179722E-002   3.0556580812603183E-002
   90.000000000000000        2.2425986797512822E-002   3.8876090147179722E-002   3.0556580812603183E-002
   90.000000000000000        2.2524170784526384E-002   3.8876090147179722E-002   3.0556580812603183E-002
   90.000000000000000        2.2524170784526384E-002   3.9553021060792490E-002   3.5858284753521041E-002
   90.000000000000000        2.2549590220663045E-002   4.7945311754280635E-002   5.1865124003686064E-002
   90.000000000000000        2.2640975029097083E-002   4.8048690821039658E-002   8.9164594421987209E-002
   90.000000000000000        2.2640975029097083E-002   4.8048690821039658E-002   9.7375075725240082E-002
   90.000000000000000        2.2640975029097083E-002   4.9202146607095404E-002  0.10636121565424073     
   90.000000000000000        2.2941739085110796E-002   4.9328917846690537E-002  0.10636121565424073     
   90.000000000000000        2.2941739085110796E-002   4.9328917846690537E-002  0.10636121565424073     
   90.000000000000000        2.2941739085110796E-002   4.9328917846690537E-002  0.10699490829735868     
   90.000000000000000        2.2972883798663087E-002   4.9328917846690537E-002  0.10699490829735868     
   90.000000000000000        2.2972883798663087E-002   4.9328917846690537E-002  0.10699490829735868     
   100.00000000000000        2.2043518211105645E-002   3.8530216206713604E-002   2.0642453912291293E-002
   100.00000000000000        2.2211379481914099E-002   3.8530216206713604E-002   2.9971546238791304E-002
   100.00000000000000        2.2312530841483321E-002   3.8873997521821982E-002   2.9971546238791304E-002
   100.00000000000000        2.2312530841483321E-002   3.8873997521821982E-002   2.9971546238791304E-002
   100.00000000000000        2.2312530841483321E-002   3.8873997521821982E-002   3.0139769256015126E-002
   100.00000000000000        2.2312530841483321E-002   3.8873997521821982E-002   3.0139769256015126E-002
   100.00000000000000        2.2425949676488043E-002   3.8873997521821982E-002   3.0139769256015126E-002
   100.00000000000000        2.2425949676488043E-002   3.8873997521821982E-002   3.0592432163079570E-002
   100.00000000000000        2.2425949676488043E-002   3.8873997521821982E-002   3.0592432163079570E-002
   100.00000000000000        2.2515324659803271E-002   3.8873997521821982E-002   3.0592432163079570E-002
   100.00000000000000        2.2515324659803271E-002   3.9526546696689487E-002   3.5693342642028940E-002
   100.00000000000000        2.2515324659803271E-002   4.6163904861057162E-002   4.7895960301680043E-002
   100.00000000000000        2.2634444724911256E-002   4.6164716938902353E-002   6.9939403853915283E-002
   100.00000000000000        2.2634444724911256E-002   4.6164716938902353E-002   7.7368539473466266E-002
   100.00000000000000        2.2634444724911256E-002   4.6697849291863776E-002   8.3132215776708429E-002
   100.00000000000000        2.2892665956031084E-002   4.6768344708515409E-002   8.3132215776708429E-002
   100.00000000000000        2.2892665956031084E-002   4.6768344708515409E-002   8.3132215776708429E-002
   100.00000000000000        2.2892665956031084E-002   4.6768344708515409E-002   8.3917538639540074E-002
   100.00000000000000        2.2919340747675803E-002   4.6768344708515409E-002   8.3917538639540074E-002
   100.00000000000000        2.2919340747675803E-002   4.6768344708515409E-002   8.3917538639540074E-002
   110.00000000000000        2.2042798992864682E-002   3.8524400200810514E-002   2.0626358968214110E-002
   110.00000000000000        2.2210557992904705E-002   3.8524400200810514E-002   2.9950113152353939E-002
   110.00000000000000        2.2311886089907557E-002   3.8867075238927649E-002   2.9950113152353939E-002
   110.00000000000000        2.2311886089907557E-002   3.8867075238927649E-002   2.9950113152353939E-002
   110.00000000000000        2.2311886089907557E-002   3.8867075238927649E-002   3.0107840301347923E-002
   110.00000000000000        2.2311886089907557E-002   3.8867075238927649E-002   3.0107840301347923E-002
   110.00000000000000        2.2426321039943187E-002   3.8867075238927649E-002   3.0107840301347923E-002
   110.00000000000000        2.2426321039943187E-002   3.8867075238927649E-002   3.0533622663426001E-002
   110.00000000000000        2.2426321039943187E-002   3.8867075238927649E-002   3.0533622663426001E-002
   110.00000000000000        2.2511538910894951E-002   3.8867075238927649E-002   3.0533622663426001E-002
   110.00000000000000        2.2511538910894951E-002   3.9412397573810605E-002   3.5284579090158558E-002
   110.00000000000000        2.2511538910894951E-002   4.4472175276167161E-002   4.3760708475587211E-002
   110.00000000000000        2.2683892363517356E-002   4.4472175276167161E-002   5.1149023738190663E-002
   110.00000000000000        2.2683892363517356E-002   4.4472175276167161E-002   5.8830716496385209E-002
   110.00000000000000        2.2683892363517356E-002   4.4597330283288050E-002   6.0889523559089172E-002
   110.00000000000000        2.2885328568871519E-002   4.4599403867447575E-002   6.0889523559089172E-002
   110.00000000000000        2.2885328568871519E-002   4.4599403867447575E-002   6.0889523559089172E-002
   110.00000000000000        2.2885328568871519E-002   4.4599403867447575E-002   6.1555337316677054E-002
   110.00000000000000        2.2906970956206515E-002   4.4599403867447575E-002   6.1575371731836116E-002
   110.00000000000000        2.2906970956206515E-002   4.4599403867447575E-002   6.1575371731836116E-002
   120.00000000000000        2.2041698887023876E-002   3.8515362405018863E-002   2.0604049384068596E-002
   120.00000000000000        2.2209274466661457E-002   3.8515362405018863E-002   2.9915164498797660E-002
   120.00000000000000        2.2310809055754974E-002   3.8855997168581291E-002   2.9915164498797660E-002
   120.00000000000000        2.2310809055754974E-002   3.8855997168581291E-002   2.9915164498797660E-002
   120.00000000000000        2.2310809055754974E-002   3.8855997168581291E-002   3.0049491881120764E-002
   120.00000000000000        2.2310809055754974E-002   3.8855997168581291E-002   3.0049491881120764E-002
   120.00000000000000        2.2426625806542394E-002   3.8855997168581291E-002   3.0049491881120764E-002
   120.00000000000000        2.2426625806542394E-002   3.8855997168581291E-002   3.0382686193346269E-002
   120.00000000000000        2.2426625806542394E-002   3.8855997168581291E-002   3.0382686193346269E-002
   120.00000000000000        2.2509541218498470E-002   3.8855997168581291E-002   3.0382686193346269E-002
   120.00000000000000        2.2509541218498470E-002   3.9206070818958140E-002   3.4561136355397717E-002
   120.00000000000000        2.2509541218498470E-002   4.2897674667323901E-002   3.9461443562445804E-002
   120.00000000000000        2.2761050172740684E-002   4.2897674667323901E-002   3.9461443562445804E-002
   120.00000000000000        2.2761050172740684E-002   4.2897674667323901E-002   4.3138666089840780E-002
   120.00000000000000        2.2761050172740684E-002   4.2937488154708082E-002   4.3138666089840780E-002
   120.00000000000000        2.2903111060438262E-002   4.2937488154708082E-002   4.3138666089840780E-002
   120.00000000000000        2.2903111060438262E-002   4.2937488154708082E-002   4.3138666089840780E-002
   120.00000000000000        2.2903111060438262E-002   4.2937488154708082E-002   4.3138666089840780E-002
   120.00000000000000        2.2920178455661279E-002   4.2937488154708082E-002   4.3138666089840780E-002
   120.00000000000000        2.2920178455661279E-002   4.2937488154708082E-002   4.3138666089840780E-002
   130.00000000000000        2.2040348426310016E-002   3.8504169342444314E-002   2.0577781194066697E-002
   130.00000000000000        2.2207673479802136E-002   3.8504169342444314E-002   2.9870972931374345E-002
   130.00000000000000        2.2309392362537216E-002   3.8842006458076887E-002   2.9870972931374345E-002
   130.00000000000000        2.2309392362537216E-002   3.8842006458076887E-002   2.9870972931374345E-002
   130.00000000000000        2.2309392362537216E-002   3.8842006458076887E-002   2.9971413130344661E-002
   130.00000000000000        2.2309392362537216E-002   3.8842006458076887E-002   2.9971413130344661E-002
   130.00000000000000        2.2426545952395183E-002   3.8842006458076887E-002   2.9971413130344661E-002
   130.00000000000000        2.2426545952395183E-002   3.8842006458076887E-002   3.0156866816128568E-002
   130.00000000000000        2.2426545952395183E-002   3.8842006458076887E-002   3.0156866816128568E-002
   130.00000000000000        2.2506893030801198E-002   3.8842006458076887E-002   3.0156866816128568E-002
   130.00000000000000        2.2506893030801198E-002   3.8921946643639516E-002   3.3534219988218601E-002
   130.00000000000000        2.2506893030801198E-002   4.1436899542179530E-002   3.5098300498586581E-002
   130.00000000000000        2.2858475455582124E-002   4.1550728138410244E-002   3.5098300498586581E-002
   130.00000000000000        2.2858475455582124E-002   4.1550728138410244E-002   3.5098300498586581E-002
   130.00000000000000        2.2858475455582124E-002   4.1708407267973938E-002   3.5098300498586581E-002
   130.00000000000000        2.2947706172683501E-002   4.1708407267973938E-002   3.5098300498586581E-002
   130.00000000000000        2.2947706172683501E-002   4.1708407267973938E-002   3.5098300498586581E-002
   130.00000000000000        2.2947706172683501E-002   4.1708407267973938E-002   3.5098300498586581E-002
   130.00000000000000        2.2961266836314550E-002   4.1708407267973938E-002   3.5098300498586581E-002
   130.00000000000000        2.2961266836314550E-002   4.1708407267973938E-002   3.5098300498586581E-002
   140.00000000000000        2.2038909722741501E-002   3.8492168365309200E-002   2.0550368896058144E-002
   140.00000000000000        2.2205945589928281E-002   3.8492168365309200E-002   2.9823019946103639E-002
   140.00000000000000        2.2307796808248504E-002   3.8826780107064585E-002   2.9823019946103639E-002
   140.00000000000000        2.2307796808248504E-002   3.8826780107064585E-002   2.9823019946103639E-002
   140.00000000000000        2.2307796808248504E-002   3.8826780107064585E-002   2.9883464902231024E-002
   140.00000000000000        2.2307796808248504E-002   3.8826780107064585E-002   2.9883464902231024E-002
   140.00000000000000        2.2425985865694449E-002   3.8826780107064585E-002   2.9883464902231024E-002
   140.00000000000000        2.2425985865694449E-002   3.8826780107064585E-002   2.9886852758928967E-002
   140.00000000000000        2.2425985865694449E-002   3.8826780107064585E-002   2.9886852758928967E-002
   140.00000000000000        2.2502488257924211E-002   3.8826780107064585E-002   2.9886852758928967E-002
   140.00000000000000        2.2502488257924211E-002   3.8826780107064585E-002   3.2306250464523900E-002
   140.00000000000000        2.2502488257924211E-002   4.0113991789117044E-002   3.2306250464523900E-002
   140.00000000000000        2.2965014242885891E-002   4.0988435154467366E-002   3.2306250464523900E-002
   140.00000000000000        2.2965014242885891E-002   4.0988435154467366E-002   3.2306250464523900E-002
   140.00000000000000        2.2965014242885891E-002   4.0988435154467366E-002   3.2306250464523900E-002
   140.00000000000000        2.3013234904758408E-002   4.0988435154467366E-002   3.2306250464523900E-002
   140.00000000000000        2.3013234904758408E-002   4.1036852935981923E-002   3.2306250464523900E-002
   140.00000000000000        2.3013234904758408E-002   4.1036852935981923E-002   3.2306250464523900E-002
   140.00000000000000        2.3024526911767578E-002   4.1036852935981923E-002   3.2306250464523900E-002
   140.00000000000000        2.3024526911767578E-002   4.1036852935981923E-002   3.2306250464523900E-002
   150.00000000000000        2.2037556834636287E-002   3.8480822414334752E-002   2.0524858800477750E-002
   150.00000000000000        2.2204303638614069E-002   3.8480822414334752E-002   2.9777333187827548E-002
   150.00000000000000        2.2306229372988162E-002   3.8812217725514242E-002   2.9777333187827548E-002
   150.00000000000000        2.2306229372988162E-002   3.8812217725514242E-002   2.9777333187827548E-002
   150.00000000000000        2.2306229372988162E-002   3.8812217725514242E-002   2.9797415928372668E-002
   150.00000000000000        2.2306229372988162E-002   3.8812217725514242E-002   2.9797415928372668E-002
   150.00000000000000        2.2425068452871011E-002   3.8812217725514242E-002   2.9797415928372668E-002
   150.00000000000000        2.2425068452871011E-002   3.8812217725514242E-002   2.9797415928372668E-002
   150.00000000000000        2.2425068452871011E-002   3.8812217725514242E-002   2.9797415928372668E-002
   150.00000000000000        2.2496605875195967E-002   3.8812217725514242E-002   2.9797415928372668E-002
   150.00000000000000        2.2496605875195967E-002   3.8812217725514242E-002   3.1039914912797367E-002
   150.00000000000000        2.2496605875195967E-002   3.9034024552729626E-002   3.1052353635207773E-002
   150.00000000000000        2.3067405177439274E-002   4.0681449111960352E-002   3.4663988702801150E-002
   150.00000000000000        2.3067405177439274E-002   4.1352085681076844E-002   3.4663988702801150E-002
   150.00000000000000        2.3067405177439274E-002   4.1352085681076844E-002   3.4663988702801150E-002
   150.00000000000000        2.3087742165984391E-002   4.1352085681076844E-002   3.4663988702801150E-002
   150.00000000000000        2.3087742165984391E-002   4.1719117753299118E-002   3.4663988702801150E-002
   150.00000000000000        2.3087742165984391E-002   4.1719117753299118E-002   3.4663988702801150E-002
   150.00000000000000        2.3097846568366200E-002   4.1719117753299118E-002   3.4663988702801150E-002
   150.00000000000000        2.3097846568366200E-002   4.1719117753299118E-002   3.4663988702801150E-002
   160.00000000000000        2.2036454387870497E-002   3.8471527328760177E-002   2.0504160266497002E-002
   160.00000000000000        2.2202954697479248E-002   3.8471527328760177E-002   2.9739723566123092E-002
   160.00000000000000        2.2304909802166643E-002   3.8800186103336951E-002   2.9739723566123092E-002
   160.00000000000000        2.2304909802166643E-002   3.8800186103336951E-002   2.9739723566123092E-002
   160.00000000000000        2.2304909802166643E-002   3.8800186103336951E-002   2.9739723566123092E-002
   160.00000000000000        2.2304909802166643E-002   3.8800186103336951E-002   2.9739723566123092E-002
   160.00000000000000        2.2424067909418491E-002   3.8800186103336951E-002   2.9739723566123092E-002
   160.00000000000000        2.2424067909418491E-002   3.8800186103336951E-002   2.9739723566123092E-002
   160.00000000000000        2.2424067909418491E-002   3.8800186103336951E-002   2.9739723566123092E-002
   160.00000000000000        2.2490545087690706E-002   3.8800186103336951E-002   2.9739723566123092E-002
   160.00000000000000        2.2490545087690706E-002   3.8800186103336951E-002   2.9882691438410883E-002
   160.00000000000000        2.2490545087690706E-002   3.8800186103336951E-002   2.9975844780588484E-002
   160.00000000000000        2.3152301238857528E-002   4.0992144429737032E-002   3.8447755105848025E-002
   160.00000000000000        2.3152301238857528E-002   4.1866270611211620E-002   3.8447755105848025E-002
   160.00000000000000        2.3152301238857528E-002   4.1866270611211620E-002   4.1281673504436622E-002
   160.00000000000000        2.3156196489773365E-002   4.2020794704246363E-002   4.1281673504436622E-002
   160.00000000000000        2.3156196489773365E-002   4.2441948209993384E-002   4.1281673504436622E-002
   160.00000000000000        2.3156196489773365E-002   4.2441948209993384E-002   4.2070731441727155E-002
   160.00000000000000        2.3165856697783649E-002   4.2441948209993384E-002   4.2070731441727155E-002
   160.00000000000000        2.3165856697783649E-002   4.2441948209993384E-002   4.2070731441727155E-002
   170.00000000000000        2.2035737126409115E-002   3.8465434262875409E-002   2.0490677268885274E-002
   170.00000000000000        2.2202071688026050E-002   3.8465434262875409E-002   2.9715019449330703E-002
   170.00000000000000        2.2304032166694070E-002   3.8792256495128963E-002   2.9715019449330703E-002
   170.00000000000000        2.2304032166694070E-002   3.8792256495128963E-002   2.9715019449330703E-002
   170.00000000000000        2.2304032166694070E-002   3.8792256495128963E-002   2.9715019449330703E-002
   170.00000000000000        2.2304032166694070E-002   3.8792256495128963E-002   2.9715019449330703E-002
   170.00000000000000        2.2423302347639059E-002   3.8792256495128963E-002   2.9715019449330703E-002
   170.00000000000000        2.2423302347639059E-002   3.8792256495128963E-002   2.9715019449330703E-002
   170.00000000000000        2.2423302347639059E-002   3.8792256495128963E-002   2.9715019449330703E-002
   170.00000000000000        2.2485986891302618E-002   3.8792256495128963E-002   2.9715019449330703E-002
   170.00000000000000        2.2485986891302618E-002   3.8792256495128963E-002   2.9715019449330703E-002
   170.00000000000000        2.2485986891302618E-002   3.8792256495128963E-002   2.9715019449330703E-002
   170.00000000000000        2.3208341240524431E-002   4.1362885034810434E-002   4.1158573464547973E-002
   170.00000000000000        2.3208341240524431E-002   4.2263083754843375E-002   4.1158573464547973E-002
   170.00000000000000        2.3208341240524431E-002   4.2263083754843375E-002   4.6358072847927902E-002
   170.00000000000000        2.3208341240524431E-002   4.2541669515769251E-002   4.6358072847927902E-002
   170.00000000000000        2.3208341240524431E-002   4.2979636385060624E-002   4.6358072847927902E-002
   170.00000000000000        2.3208341240524431E-002   4.2979636385060624E-002   4.7297566555033185E-002
   170.00000000000000        2.3213777273414411E-002   4.3001662060916213E-002   4.7297566555033185E-002
   170.00000000000000        2.3213777273414411E-002   4.3001662060916213E-002   4.7297566555033185E-002
   180.00000000000000        2.2035493024505942E-002   3.8463301057362141E-002   2.0485993433281315E-002
   180.00000000000000        2.2201769050540651E-002   3.8463301057362141E-002   2.9706412119620253E-002
   180.00000000000000        2.2303729351882837E-002   3.8789476567173332E-002   2.9706412119620253E-002
   180.00000000000000        2.2303729351882837E-002   3.8789476567173332E-002   2.9706412119620253E-002
   180.00000000000000        2.2303729351882837E-002   3.8789476567173332E-002   2.9706412119620253E-002
   180.00000000000000        2.2303729351882837E-002   3.8789476567173332E-002   2.9706412119620253E-002
   180.00000000000000        2.2423020047911715E-002   3.8789476567173332E-002   2.9706412119620253E-002
   180.00000000000000        2.2423020047911715E-002   3.8789476567173332E-002   2.9706412119620253E-002
   180.00000000000000        2.2423020047911715E-002   3.8789476567173332E-002   2.9706412119620253E-002
   180.00000000000000        2.2484297536646349E-002   3.8789476567173332E-002   2.9706412119620253E-002
   180.00000000000000        2.2484297536646349E-002   3.8789476567173332E-002   2.9706412119620253E-002
   180.00000000000000        2.2484297536646349E-002   3.8789476567173332E-002   2.9706412119620253E-002
   180.00000000000000        2.3227917190664134E-002   4.1495396925392822E-002   4.2141810953536835E-002
   180.00000000000000        2.3227917190664134E-002   4.2410920193984201E-002   4.2141810953536835E-002
   180.00000000000000        2.3227917190664134E-002   4.2410920193984201E-002   4.8095230200270969E-002
   180.00000000000000        2.3227917190664134E-002   4.2733528267076659E-002   4.8095230200270969E-002
   180.00000000000000        2.3227917190664134E-002   4.3177209411723275E-002   4.8095230200270969E-002
   180.00000000000000        2.3227917190664134E-002   4.3177209411723275E-002   4.9120860460981949E-002
   180.00000000000000        2.3231030007556292E-002   4.3208515139575944E-002   4.9120860460981949E-002
   180.00000000000000        2.3231030007556292E-002   4.3208515139575944E-002   4.9120860460981949E-002
   190.00000000000000        2.2035752174665600E-002   3.8465393379225152E-002   2.0490660057294326E-002
   190.00000000000000        2.2202086352003117E-002   3.8465393379225152E-002   2.9715015507731160E-002
   190.00000000000000        2.2304048088629052E-002   3.8792215359773272E-002   2.9715015507731160E-002
   190.00000000000000        2.2304048088629052E-002   3.8792215359773272E-002   2.9715015507731160E-002
   190.00000000000000        2.2304048088629052E-002   3.8792215359773272E-002   2.9715015507731160E-002
   190.00000000000000        2.2304048088629052E-002   3.8792215359773272E-002   2.9715015507731160E-002
   190.00000000000000        2.2423313932612748E-002   3.8792215359773272E-002   2.9715015507731160E-002
   190.00000000000000        2.2423313932612748E-002   3.8792215359773272E-002   2.9715015507731160E-002
   190.00000000000000        2.2423313932612748E-002   3.8792215359773272E-002   2.9715015507731160E-002
   190.00000000000000        2.2485997892535897E-002   3.8792215359773272E-002   2.9715015507731160E-002
   190.00000000000000        2.2485997892535897E-002   3.8792215359773272E-002   2.9715015507731160E-002
   190.00000000000000        2.2485997892535897E-002   3.8792215359773272E-002   2.9715015507731160E-002
   190.00000000000000        2.3208354599015036E-002   4.1362841096046307E-002   4.1158572941885400E-002
   190.00000000000000        2.3208354599015036E-002   4.2263038393322676E-002   4.1158572941885400E-002
   190.00000000000000        2.3208354599015036E-002   4.2263038393322676E-002   4.6358075225914445E-002
   190.00000000000000        2.3208354599015036E-002   4.2541621208337294E-002   4.6358075225914445E-002
   190.00000000000000        2.3208354599015036E-002   4.2979585727716117E-002   4.6358075225914445E-002
   190.00000000000000        2.3208354599015036E-002   4.2979585727716117E-002   4.7297568612205056E-002
   190.00000000000000        2.3213783751033459E-002   4.3001615906179701E-002   4.7297568612205056E-002
   190.00000000000000        2.3213783751033459E-002   4.3001615906179701E-002   4.7297568612205056E-002
   200.00000000000000        2.2036482942117339E-002   3.8471449797315357E-002   2.0504121076059367E-002
   200.00000000000000        2.2202982527610611E-002   3.8471449797315357E-002   2.9739710534384040E-002
   200.00000000000000        2.2304940006127011E-002   3.8800108097217435E-002   2.9739710534384040E-002
   200.00000000000000        2.2304940006127011E-002   3.8800108097217435E-002   2.9739710534384040E-002
   200.00000000000000        2.2304940006127011E-002   3.8800108097217435E-002   2.9739710534384040E-002
   200.00000000000000        2.2304940006127011E-002   3.8800108097217435E-002   2.9739710534384040E-002
   200.00000000000000        2.2424089924053456E-002   3.8800108097217435E-002   2.9739710534384040E-002
   200.00000000000000        2.2424089924053456E-002   3.8800108097217435E-002   2.9739710534384040E-002
   200.00000000000000        2.2424089924053456E-002   3.8800108097217435E-002   2.9739710534384040E-002
   200.00000000000000        2.2490565996715940E-002   3.8800108097217435E-002   2.9739710534384040E-002
   200.00000000000000        2.2490565996715940E-002   3.8800108097217435E-002   2.9882673266946345E-002
   200.00000000000000        2.2490565996715940E-002   3.8800108097217435E-002   2.9975830536859118E-002
   200.00000000000000        2.3152326363159913E-002   4.0992061902051541E-002   3.8447746082978067E-002
   200.00000000000000        2.3152326363159913E-002   4.1866185862157491E-002   3.8447746082978067E-002
   200.00000000000000        2.3152326363159913E-002   4.1866185862157491E-002   4.1281669362438905E-002
   200.00000000000000        2.3156215844306331E-002   4.2020704141987761E-002   4.1281669362438905E-002
   200.00000000000000        2.3156215844306331E-002   4.2441853604894990E-002   4.1281669362438905E-002
   200.00000000000000        2.3156215844306331E-002   4.2441853604894990E-002   4.2070726305512784E-002
   200.00000000000000        2.3165868762904211E-002   4.2441853604894990E-002   4.2070726305512784E-002
   200.00000000000000        2.3165868762904211E-002   4.2441853604894990E-002   4.2070726305512784E-002
   210.00000000000000        2.2037595908012974E-002   3.8480715924344364E-002   2.0524787105604434E-002
   210.00000000000000        2.2204341731993291E-002   3.8480715924344364E-002   2.9777298874081315E-002
   210.00000000000000        2.2306270685717354E-002   3.8812110596064847E-002   2.9777298874081315E-002
   210.00000000000000        2.2306270685717354E-002   3.8812110596064847E-002   2.9777298874081315E-002
   210.00000000000000        2.2306270685717354E-002   3.8812110596064847E-002   2.9797378419362364E-002
   210.00000000000000        2.2306270685717354E-002   3.8812110596064847E-002   2.9797378419362364E-002
   210.00000000000000        2.2425098648062761E-002   3.8812110596064847E-002   2.9797378419362364E-002
   210.00000000000000        2.2425098648062761E-002   3.8812110596064847E-002   2.9797378419362364E-002
   210.00000000000000        2.2425098648062761E-002   3.8812110596064847E-002   2.9797378419362364E-002
   210.00000000000000        2.2496634558779125E-002   3.8812110596064847E-002   2.9797378419362364E-002
   210.00000000000000        2.2496634558779125E-002   3.8812110596064847E-002   3.1039874612420592E-002
   210.00000000000000        2.2496634558779125E-002   3.9033914473442698E-002   3.1052315951117859E-002
   210.00000000000000        2.3067439069329627E-002   4.0681334770791722E-002   3.4663953065645986E-002
   210.00000000000000        2.3067439069329627E-002   4.1351972465605492E-002   3.4663953065645986E-002
   210.00000000000000        2.3067439069329627E-002   4.1351972465605492E-002   3.4663953065645986E-002
   210.00000000000000        2.3087768060803267E-002   4.1351972465605492E-002   3.4663953065645986E-002
   210.00000000000000        2.3087768060803267E-002   4.1718991524518148E-002   3.4663953065645986E-002
   210.00000000000000        2.3087768060803267E-002   4.1718991524518148E-002   3.4663953065645986E-002
   210.00000000000000        2.3097862590504135E-002   4.1718991524518148E-002   3.4663953065645986E-002
   210.00000000000000        2.3097862590504135E-002   4.1718991524518148E-002   3.4663953065645986E-002
   220.00000000000000        2.2038955096042059E-002   3.8492042754859131E-002   2.0550247231593176E-002
   220.00000000000000        2.2205989839421368E-002   3.8492042754859131E-002   2.9822941935421052E-002
   220.00000000000000        2.2307844753758795E-002   3.8826653775687205E-002   2.9822941935421052E-002
   220.00000000000000        2.2307844753758795E-002   3.8826653775687205E-002   2.9822941935421052E-002
   220.00000000000000        2.2307844753758795E-002   3.8826653775687205E-002   2.9883382436633847E-002
   220.00000000000000        2.2307844753758795E-002   3.8826653775687205E-002   2.9883382436633847E-002
   220.00000000000000        2.2426021034348854E-002   3.8826653775687205E-002   2.9883382436633847E-002
   220.00000000000000        2.2426021034348854E-002   3.8826653775687205E-002   2.9886770217202124E-002
   220.00000000000000        2.2426021034348854E-002   3.8826653775687205E-002   2.9886770217202124E-002
   220.00000000000000        2.2502521677268735E-002   3.8826653775687205E-002   2.9886770217202124E-002
   220.00000000000000        2.2502521677268735E-002   3.8826653775687205E-002   3.2306166726167783E-002
   220.00000000000000        2.2502521677268735E-002   4.0113869155856227E-002   3.2306166726167783E-002
   220.00000000000000        2.2965052885406550E-002   4.0988304162443805E-002   3.2306166726167783E-002
   220.00000000000000        2.2965052885406550E-002   4.0988304162443805E-002   3.2306166726167783E-002
   220.00000000000000        2.2965052885406550E-002   4.0988304162443805E-002   3.2306166726167783E-002
   220.00000000000000        2.3013264130781773E-002   4.0988304162443805E-002   3.2306166726167783E-002
   220.00000000000000        2.3013264130781773E-002   4.1036711325787671E-002   3.2306166726167783E-002
   220.00000000000000        2.3013264130781773E-002   4.1036711325787671E-002   3.2306166726167783E-002
   220.00000000000000        2.3024544821303141E-002   4.1036711325787671E-002   3.2306166726167783E-002
   220.00000000000000        2.3024544821303141E-002   4.1036711325787671E-002   3.2306166726167783E-002
   230.00000000000000        2.2040394999495637E-002   3.8504035194788774E-002   2.0577586171835978E-002
   230.00000000000000        2.2207718914245042E-002   3.8504035194788774E-002   2.9870816707385620E-002
   230.00000000000000        2.2309441540210671E-002   3.8841871610057421E-002   2.9870816707385620E-002
   230.00000000000000        2.2309441540210671E-002   3.8841871610057421E-002   2.9870816707385620E-002
   230.00000000000000        2.2309441540210671E-002   3.8841871610057421E-002   2.9971251242931068E-002
   230.00000000000000        2.2309441540210671E-002   3.8841871610057421E-002   2.9971251242931068E-002
   230.00000000000000        2.2426582181970030E-002   3.8841871610057421E-002   2.9971251242931068E-002
   230.00000000000000        2.2426582181970030E-002   3.8841871610057421E-002   3.0156703976658494E-002
   230.00000000000000        2.2426582181970030E-002   3.8841871610057421E-002   3.0156703976658494E-002
   230.00000000000000        2.2506927472131680E-002   3.8841871610057421E-002   3.0156703976658494E-002
   230.00000000000000        2.2506927472131680E-002   3.8921811311045912E-002   3.3534058980503365E-002
   230.00000000000000        2.2506927472131680E-002   4.1436770222992719E-002   3.5098170300499006E-002
   230.00000000000000        2.2858514308369198E-002   4.1550594852998522E-002   3.5098170300499006E-002
   230.00000000000000        2.2858514308369198E-002   4.1550594852998522E-002   3.5098170300499006E-002
   230.00000000000000        2.2858514308369198E-002   4.1708266880052268E-002   3.5098170300499006E-002
   230.00000000000000        2.2947735246688916E-002   4.1708266880052268E-002   3.5098170300499006E-002
   230.00000000000000        2.2947735246688916E-002   4.1708266880052268E-002   3.5098170300499006E-002
   230.00000000000000        2.2947735246688916E-002   4.1708266880052268E-002   3.5098170300499006E-002
   230.00000000000000        2.2961284520835665E-002   4.1708266880052268E-002   3.5098170300499006E-002
   230.00000000000000        2.2961284520835665E-002   4.1708266880052268E-002   3.5098170300499006E-002
   240.00000000000000        2.2041741174585721E-002   3.8515229956072032E-002   2.0603759187568158E-002
   240.00000000000000        2.2209315728665212E-002   3.8515229956072032E-002   2.9914888998191586E-002
   240.00000000000000        2.2310853665157723E-002   3.8855864141047344E-002   2.9914888998191586E-002
   240.00000000000000        2.2310853665157723E-002   3.8855864141047344E-002   2.9914888998191586E-002
   240.00000000000000        2.2310853665157723E-002   3.8855864141047344E-002   3.0049209910698118E-002
   240.00000000000000        2.2310853665157723E-002   3.8855864141047344E-002   3.0049209910698118E-002
   240.00000000000000        2.2426658837737458E-002   3.8855864141047344E-002   3.0049209910698118E-002
   240.00000000000000        2.2426658837737458E-002   3.8855864141047344E-002   3.0382402382683096E-002
   240.00000000000000        2.2426658837737458E-002   3.8855864141047344E-002   3.0382402382683096E-002
   240.00000000000000        2.2509572622935826E-002   3.8855864141047344E-002   3.0382402382683096E-002
   240.00000000000000        2.2509572622935826E-002   3.9205940217815274E-002   3.4560865924797471E-002
   240.00000000000000        2.2509572622935826E-002   4.2897550856676271E-002   3.9461306914867676E-002
   240.00000000000000        2.2761084719785898E-002   4.2897550856676271E-002   3.9461306914867676E-002
   240.00000000000000        2.2761084719785898E-002   4.2897550856676271E-002   4.3138831245730230E-002
   240.00000000000000        2.2761084719785898E-002   4.2937360575192547E-002   4.3138831245730230E-002
   240.00000000000000        2.2903136650201904E-002   4.2937360575192547E-002   4.3138831245730230E-002
   240.00000000000000        2.2903136650201904E-002   4.2937360575192547E-002   4.3138831245730230E-002
   240.00000000000000        2.2903136650201904E-002   4.2937360575192547E-002   4.3138831245730230E-002
   240.00000000000000        2.2920193965296220E-002   4.2937360575192547E-002   4.3138831245730230E-002
   240.00000000000000        2.2920193965296220E-002   4.2937360575192547E-002   4.3138831245730230E-002
   250.00000000000000        2.2042831732800729E-002   3.8524278532917844E-002   2.0625969767673787E-002
   250.00000000000000        2.2210589937423985E-002   3.8524278532917844E-002   2.9949690410247420E-002
   250.00000000000000        2.2311920577386256E-002   3.8866953187782119E-002   2.9949690410247420E-002
   250.00000000000000        2.2311920577386256E-002   3.8866953187782119E-002   2.9949690410247420E-002
   250.00000000000000        2.2311920577386256E-002   3.8866953187782119E-002   3.0107411188461913E-002
   250.00000000000000        2.2311920577386256E-002   3.8866953187782119E-002   3.0107411188461913E-002
   250.00000000000000        2.2426346741379975E-002   3.8866953187782119E-002   3.0107411188461913E-002
   250.00000000000000        2.2426346741379975E-002   3.8866953187782119E-002   3.0533191167845482E-002
   250.00000000000000        2.2426346741379975E-002   3.8866953187782119E-002   3.0533191167845482E-002
   250.00000000000000        2.2511563316834630E-002   3.8866953187782119E-002   3.0533191167845482E-002
   250.00000000000000        2.2511563316834630E-002   3.9412281780993381E-002   3.5284183772898395E-002
   250.00000000000000        2.2511563316834630E-002   4.4472067950042382E-002   4.3760623003757486E-002
   250.00000000000000        2.2683918660186129E-002   4.4472067950042382E-002   5.1149221763303977E-002
   250.00000000000000        2.2683918660186129E-002   4.4472067950042382E-002   5.8831229995708986E-002
   250.00000000000000        2.2683918660186129E-002   4.4597229337429420E-002   6.0890153513941898E-002
   250.00000000000000        2.2885347825181045E-002   4.4599320612743742E-002   6.0890153513941898E-002
   250.00000000000000        2.2885347825181045E-002   4.4599320612743742E-002   6.0890153513941898E-002
   250.00000000000000        2.2885347825181045E-002   4.4599320612743742E-002   6.1555962151013367E-002
   250.00000000000000        2.2906982700984038E-002   4.4599320612743742E-002   6.1576014123254121E-002
   250.00000000000000        2.2906982700984038E-002   4.4599320612743742E-002   6.1576014123254121E-002
   260.00000000000000        2.2043537012051077E-002   3.8530111375505376E-002   2.0641996727675326E-002
   260.00000000000000        2.2211397805789575E-002   3.8530111375505376E-002   2.9970989532369621E-002
   260.00000000000000        2.2312550577961211E-002   3.8873892529393723E-002   2.9970989532369621E-002
   260.00000000000000        2.2312550577961211E-002   3.8873892529393723E-002   2.9970989532369621E-002
   260.00000000000000        2.2312550577961211E-002   3.8873892529393723E-002   3.0139207547680721E-002
   260.00000000000000        2.2312550577961211E-002   3.8873892529393723E-002   3.0139207547680721E-002
   260.00000000000000        2.2425964557902901E-002   3.8873892529393723E-002   3.0139207547680721E-002
   260.00000000000000        2.2425964557902901E-002   3.8873892529393723E-002   3.0591868115224363E-002
   260.00000000000000        2.2425964557902901E-002   3.8873892529393723E-002   3.0591868115224363E-002
   260.00000000000000        2.2515338672168272E-002   3.8873892529393723E-002   3.0591868115224363E-002
   260.00000000000000        2.2515338672168272E-002   3.9526451513187927E-002   3.5692842855829056E-002
   260.00000000000000        2.2515338672168272E-002   4.6163818649299714E-002   4.7895997327875611E-002
   260.00000000000000        2.2634459804267999E-002   4.6164632564581067E-002   6.9939706946172450E-002
   260.00000000000000        2.2634459804267999E-002   4.6164632564581067E-002   7.7369499546479092E-002
   260.00000000000000        2.2634459804267999E-002   4.6697783200834501E-002   8.3133264444715513E-002
   260.00000000000000        2.2892676728921379E-002   4.6768297716347419E-002   8.3133264444715513E-002
   260.00000000000000        2.2892676728921379E-002   4.6768297716347419E-002   8.3133264444715513E-002
   260.00000000000000        2.2892676728921379E-002   4.6768297716347419E-002   8.3918611112676289E-002
   260.00000000000000        2.2919347577919236E-002   4.6768297716347419E-002   8.3918611112676289E-002
   260.00000000000000        2.2919347577919236E-002   4.6768297716347419E-002   8.3918611112676289E-002
   270.00000000000000        2.2043775014275450E-002   3.8532063262728754E-002   2.0650430097597650E-002
   270.00000000000000        2.2211658403824646E-002   3.8532063262728754E-002   2.9976271320029169E-002
   270.00000000000000        2.2312727812393546E-002   3.8876005216099338E-002   2.9976271320029169E-002
   270.00000000000000        2.2312727812393546E-002   3.8876005216099338E-002   2.9976271320029169E-002
   270.00000000000000        2.2312727812393546E-002   3.8876005216099338E-002   3.0141806860658961E-002
   270.00000000000000        2.2312727812393546E-002   3.8876005216099338E-002   3.0141806860658961E-002
   270.00000000000000        2.2425988500194588E-002   3.8876005216099338E-002   3.0141806860658961E-002
   270.00000000000000        2.2425988500194588E-002   3.8876005216099338E-002   3.0555951067251771E-002
   270.00000000000000        2.2425988500194588E-002   3.8876005216099338E-002   3.0555951067251771E-002
   270.00000000000000        2.2524172046284732E-002   3.8876005216099338E-002   3.0555951067251771E-002
   270.00000000000000        2.2524172046284732E-002   3.9552947693307680E-002   3.5857740529073548E-002
   270.00000000000000        2.2549591664058920E-002   4.7945239355971475E-002   5.1865324297111270E-002
   270.00000000000000        2.2640977365007663E-002   4.8048649835993121E-002   8.9164868095586672E-002
   270.00000000000000        2.2640977365007663E-002   4.8048649835993121E-002   9.7376398690474306E-002
   270.00000000000000        2.2640977365007663E-002   4.9202117337809104E-002  0.10636257775236507     
   270.00000000000000        2.2941740195990795E-002   4.9328908016118708E-002  0.10636257775236507     
   270.00000000000000        2.2941740195990795E-002   4.9328908016118708E-002  0.10636257775236507     
   270.00000000000000        2.2941740195990795E-002   4.9328908016118708E-002  0.10699636244207152     
   270.00000000000000        2.2972885163866672E-002   4.9328908016118708E-002  0.10699636244207152     
   270.00000000000000        2.2972885163866672E-002   4.9328908016118708E-002  0.10699636244207152     
   280.00000000000000        2.2043520806355688E-002   3.8529946965863100E-002   2.0650798268567461E-002
   280.00000000000000        2.2211360581510759E-002   3.8529946965863100E-002   2.9964981159577953E-002
   280.00000000000000        2.2312504320846804E-002   3.8873235946865051E-002   2.9964981159577953E-002
   280.00000000000000        2.2312504320846804E-002   3.8873235946865051E-002   2.9964981159577953E-002
   280.00000000000000        2.2312504320846804E-002   3.8873235946865051E-002   3.0116283070739429E-002
   280.00000000000000        2.2312504320846804E-002   3.8873235946865051E-002   3.0116283070739429E-002
   280.00000000000000        2.2426931278149050E-002   3.8873235946865051E-002   3.0116283070739429E-002
   280.00000000000000        2.2426931278149050E-002   3.8873235946865051E-002   3.0436199164744167E-002
   280.00000000000000        2.2426931278149050E-002   3.8873235946865051E-002   3.0436199164744167E-002
   280.00000000000000        2.2541325480107163E-002   3.8873235946865051E-002   3.0436199164744167E-002
   280.00000000000000        2.2541325480107163E-002   3.9511726680999656E-002   3.5890887800142997E-002
   280.00000000000000        2.2631880197747107E-002   4.9789890191632533E-002   5.5713476693808391E-002
   280.00000000000000        2.2716016384346411E-002   5.0898970275012848E-002  0.10785446952306078     
   280.00000000000000        2.2716016384346411E-002   5.0898970275012848E-002  0.11797368667013818     
   280.00000000000000        2.2716016384346411E-002   5.2027190559084543E-002  0.12925041767663778     
   280.00000000000000        2.3033295909474560E-002   5.2187921489095970E-002  0.12925041767663778     
   280.00000000000000        2.3033295909474560E-002   5.2187921489095970E-002  0.12925041767663778     
   280.00000000000000        2.3033295909474560E-002   5.2187921489095970E-002  0.12937236577963884     
   280.00000000000000        2.3067222203075419E-002   5.2187921489095970E-002  0.12937236577963884     
   280.00000000000000        2.3067222203075419E-002   5.2187921489095970E-002  0.12937236577963884     
   290.00000000000000        2.2042808865020833E-002   3.8524064564883193E-002   2.0643588925554329E-002
   290.00000000000000        2.2210560573356242E-002   3.8524064564883193E-002   2.9938535014343057E-002
   290.00000000000000        2.2311980539777877E-002   3.8866116285561622E-002   2.9938535014343057E-002
   290.00000000000000        2.2311980539777877E-002   3.8866116285561622E-002   2.9938535014343057E-002
   290.00000000000000        2.2311980539777877E-002   3.8866116285561622E-002   3.0067045431067682E-002
   290.00000000000000        2.2311980539777877E-002   3.8866116285561622E-002   3.0067045431067682E-002
   290.00000000000000        2.2429195353402608E-002   3.8866116285561622E-002   3.0067045431067682E-002
   290.00000000000000        2.2429195353402608E-002   3.8866116285561622E-002   3.0253130529758133E-002
   290.00000000000000        2.2429195353402608E-002   3.8866116285561622E-002   3.0253130529758133E-002
   290.00000000000000        2.2569062363207951E-002   3.8866116285561622E-002   3.0253130529758133E-002
   290.00000000000000        2.2569062363207951E-002   3.9431461996536195E-002   3.5889824718543004E-002
   290.00000000000000        2.2730161100711618E-002   5.1680192397963579E-002   5.9467336369464441E-002
   290.00000000000000        2.2819745214104646E-002   5.4127666988402226E-002  0.12500406652141619     
   290.00000000000000        2.2819745214104646E-002   5.4127666988402226E-002  0.13834868432173111     
   290.00000000000000        2.2819745214104646E-002   5.5048152308449873E-002  0.15095903725696694     
   290.00000000000000        2.3118495800994017E-002   5.5212393078075211E-002  0.15095903725696694     
   290.00000000000000        2.3118495800994017E-002   5.5212393078075211E-002  0.15095903725696694     
   290.00000000000000        2.3118495800994017E-002   5.5212393078075211E-002  0.15095903725696694     
   290.00000000000000        2.3152825698185452E-002   5.5212393078075211E-002  0.15095903725696694     
   290.00000000000000        2.3152825698185452E-002   5.5212393078075211E-002  0.15095903725696694     
   300.00000000000000        2.2041728215058638E-002   3.8515160144484563E-002   2.0630164948888852E-002
   300.00000000000000        2.2209371439704726E-002   3.8515160144484563E-002   2.9900112537059275E-002
   300.00000000000000        2.2311279913787466E-002   3.8855659822695683E-002   2.9900112537059275E-002
   300.00000000000000        2.2311279913787466E-002   3.8855659822695683E-002   2.9900112537059275E-002
   300.00000000000000        2.2311279913787466E-002   3.8855659822695683E-002   3.0000939359533029E-002
   300.00000000000000        2.2311279913787466E-002   3.8855659822695683E-002   3.0000939359533029E-002
   300.00000000000000        2.2432939199004159E-002   3.8855659822695683E-002   3.0000939359533029E-002
   300.00000000000000        2.2432939199004159E-002   3.8855659822695683E-002   3.0032541412130000E-002
   300.00000000000000        2.2432939199004159E-002   3.8855659822695683E-002   3.0032541412130000E-002
   300.00000000000000        2.2607778125981807E-002   3.8855659822695683E-002   3.0119570840960185E-002
   300.00000000000000        2.2607778125981807E-002   3.9341518432688433E-002   3.6012123866692017E-002
   300.00000000000000        2.2846394084088607E-002   5.3575848498171659E-002   6.3117213923225335E-002
   300.00000000000000        2.2945848040568321E-002   5.7576344986840479E-002  0.13971141765402992     
   300.00000000000000        2.2945848040568321E-002   5.7576344986840479E-002  0.15780914837801208     
   300.00000000000000        2.2945848040568321E-002   5.8110138015474488E-002  0.17094188607674091     
   300.00000000000000        2.3187501377964485E-002   5.8244295458642424E-002  0.17094188607674091     
   300.00000000000000        2.3187501377964485E-002   5.8244295458642424E-002  0.17094188607674091     
   300.00000000000000        2.3187501377964485E-002   5.8244295458642424E-002  0.17094188607674091     
   300.00000000000000        2.3220081202573739E-002   5.8244295458642424E-002  0.17094188607674091     
   300.00000000000000        2.3220081202573739E-002   5.8244295458642424E-002  0.17094188607674091     
   310.00000000000000        2.2040411136852199E-002   3.8504333377198691E-002   2.0612577769281881E-002
   310.00000000000000        2.2207946599375195E-002   3.8504333377198691E-002   2.9854255941301609E-002
   310.00000000000000        2.2310524067705017E-002   3.8843221295535683E-002   2.9854255941301609E-002
   310.00000000000000        2.2310524067705017E-002   3.8843221295535683E-002   2.9854255941301609E-002
   310.00000000000000        2.2310524067705017E-002   3.8843221295535683E-002   2.9926170009480269E-002
   310.00000000000000        2.2310524067705017E-002   3.8843221295535683E-002   2.9926170009480269E-002
   310.00000000000000        2.2437993867882002E-002   3.8843221295535683E-002   2.9926170009480269E-002
   310.00000000000000        2.2437993867882002E-002   3.8843221295535683E-002   2.9926170009480269E-002
   310.00000000000000        2.2437993867882002E-002   3.8843221295535683E-002   2.9926170009480269E-002
   310.00000000000000        2.2655495872365865E-002   3.8979856248124951E-002   3.1008414408093512E-002
   310.00000000000000        2.2655495872365865E-002   3.9401585549087292E-002   3.7125207461132986E-002
   310.00000000000000        2.2977332126234609E-002   5.5410301163358246E-002   6.6617222376548227E-002
   310.00000000000000        2.3084460078120914E-002   6.1042823082649474E-002  0.15135263691879394     
   310.00000000000000        2.3084460078120914E-002   6.1042823082649474E-002  0.17576662719033029     
   310.00000000000000        2.3084460078120914E-002   6.1044568498486641E-002  0.18886089369859330     
   310.00000000000000        2.3234257606272565E-002   6.1117987193065770E-002  0.18886089369859330     
   310.00000000000000        2.3234257606272565E-002   6.1118343748801512E-002  0.18886089369859330     
   310.00000000000000        2.3234257606272565E-002   6.1118343748801512E-002  0.18886089369859330     
   310.00000000000000        2.3263621704295013E-002   6.1118343748801512E-002  0.18886089369859330     
   310.00000000000000        2.3263621704295013E-002   6.1118343748801512E-002  0.18886089369859330     
   320.00000000000000        2.2039017047771128E-002   3.8492888599393094E-002   2.0593301125474601E-002
   320.00000000000000        2.2206460217807898E-002   3.8492888599393094E-002   2.9806321456195790E-002
   320.00000000000000        2.2309814057534755E-002   3.8830306147677560E-002   2.9806321456195790E-002
   320.00000000000000        2.2309814057534755E-002   3.8830306147677560E-002   2.9806321456195790E-002
   320.00000000000000        2.2309814057534755E-002   3.8830306147677560E-002   2.9851235242312080E-002
   320.00000000000000        2.2309814057534755E-002   3.8830306147677560E-002   2.9851235242312080E-002
   320.00000000000000        2.2443855745768505E-002   3.8830306147677560E-002   2.9851235242312080E-002
   320.00000000000000        2.2443855745768505E-002   3.8830306147677560E-002   2.9851235242312080E-002
   320.00000000000000        2.2443855745768505E-002   3.8830306147677560E-002   2.9851235242312080E-002
   320.00000000000000        2.2707893863669597E-002   3.9282156844749491E-002   3.1995926744594234E-002
   320.00000000000000        2.2707893863669597E-002   3.9666077832534945E-002   3.8397561270358947E-002
   320.00000000000000        2.3114209867649560E-002   5.7094761938419197E-002   6.9869394565614959E-002
   320.00000000000000        2.3223286497127241E-002   6.4301165408910996E-002  0.15973539830617706     
   320.00000000000000        2.3223286497127241E-002   6.4301165408910996E-002  0.19167093012680753     
   320.00000000000000        2.3223286497127241E-002   6.4301165408910996E-002  0.20445847184731289     
   320.00000000000000        2.3257953197648229E-002   6.4301165408910996E-002  0.20445847184731289     
   320.00000000000000        2.3257953197648229E-002   6.4301165408910996E-002  0.20445847184731289     
   320.00000000000000        2.3257953197648229E-002   6.4301165408910996E-002  0.20445847184731289     
   320.00000000000000        2.3283277024975790E-002   6.4301165408910996E-002  0.20445847184731289     
   320.00000000000000        2.3283277024975790E-002   6.4301165408910996E-002  0.20445847184731289     
   330.00000000000000        2.2037713482193761E-002   3.8482183127487579E-002   2.0574919275097688E-002
   330.00000000000000        2.2205087049582770E-002   3.8482183127487579E-002   2.9761844081784429E-002
   330.00000000000000        2.2309220892138444E-002   3.8818401358474988E-002   2.9761844081784429E-002
   330.00000000000000        2.2309220892138444E-002   3.8818401358474988E-002   2.9761844081784429E-002
   330.00000000000000        2.2309220892138444E-002   3.8818401358474988E-002   2.9784009500590472E-002
   330.00000000000000        2.2309220892138444E-002   3.8818401358474988E-002   2.9784009500590472E-002
   330.00000000000000        2.2449762364507662E-002   3.8818401358474988E-002   2.9880747558174308E-002
   330.00000000000000        2.2449762364507662E-002   3.8818401358474988E-002   2.9880747558174308E-002
   330.00000000000000        2.2449762364507662E-002   3.8818401358474988E-002   2.9880747558174308E-002
   330.00000000000000        2.2758903898046978E-002   3.9573789306470361E-002   3.2940952049925608E-002
   330.00000000000000        2.2758903898046978E-002   3.9945899963171258E-002   3.9680597339668118E-002
   330.00000000000000        2.3243891837779543E-002   5.8532630877852175E-002   7.2721674175789938E-002
   330.00000000000000        2.3349111085145556E-002   6.7125977252269875E-002  0.16514273201680549     
   330.00000000000000        2.3349111085145556E-002   6.7125977252269875E-002  0.20495161398928835     
   330.00000000000000        2.3349111085145556E-002   6.7125977252269875E-002  0.21739829188950943     
   330.00000000000000        2.3349111085145556E-002   6.7125977252269875E-002  0.21739829188950943     
   330.00000000000000        2.3349111085145556E-002   6.7125977252269875E-002  0.21739829188950943     
   330.00000000000000        2.3349111085145556E-002   6.7125977252269875E-002  0.21739829188950943     
   330.00000000000000        2.3349111085145556E-002   6.7125977252269875E-002  0.21739829188950943     
   330.00000000000000        2.3349111085145556E-002   6.7125977252269875E-002  0.21739829188950943     
   340.00000000000000        2.2036656302947578E-002   3.8473482344757941E-002   2.0559820340614893E-002
   340.00000000000000        2.2203983792061763E-002   3.8473482344757941E-002   2.9725907319415237E-002
   340.00000000000000        2.2308785479267481E-002   3.8808835043984753E-002   2.9725907319415237E-002
   340.00000000000000        2.2308785479267481E-002   3.8808835043984753E-002   2.9725907319415237E-002
   340.00000000000000        2.2308785479267481E-002   3.8808835043984753E-002   2.9731077826508731E-002
   340.00000000000000        2.2308785479267481E-002   3.8808835043984753E-002   2.9731077826508731E-002
   340.00000000000000        2.2454836815187881E-002   3.8808835043984753E-002   2.9923201052112592E-002
   340.00000000000000        2.2454836815187881E-002   3.8824352792966477E-002   2.9923201052112592E-002
   340.00000000000000        2.2454836815187881E-002   3.8824352792966477E-002   2.9923201052112592E-002
   340.00000000000000        2.2801774941660666E-002   3.9817229037760846E-002   3.3726008994492948E-002
   340.00000000000000        2.2801774941660666E-002   4.0194688431027185E-002   4.0789036390210406E-002
   340.00000000000000        2.3351266358159262E-002   5.9633482748942042E-002   7.4979400153049242E-002
   340.00000000000000        2.3449450909410859E-002   6.9312484126086024E-002  0.16820867868534287     
   340.00000000000000        2.3449450909410859E-002   6.9312484126086024E-002  0.21501946100359470     
   340.00000000000000        2.3449450909410859E-002   6.9312484126086024E-002  0.22721043477464667     
   340.00000000000000        2.3449450909410859E-002   6.9312484126086024E-002  0.22721043477464667     
   340.00000000000000        2.3449450909410859E-002   6.9312484126086024E-002  0.22721043477464667     
   340.00000000000000        2.3449450909410859E-002   6.9312484126086024E-002  0.22721043477464667     
   340.00000000000000        2.3449450909410859E-002   6.9312484126086024E-002  0.22721043477464667     
   340.00000000000000        2.3449450909410859E-002   6.9312484126086024E-002  0.22721043477464667     
   350.00000000000000        2.2035971436588531E-002   3.8467812206929311E-002   2.0549926843448210E-002
   350.00000000000000        2.2203273513076997E-002   3.8467812206929311E-002   2.9702587458156224E-002
   350.00000000000000        2.2308525572405639E-002   3.8802649182301280E-002   2.9702587458156224E-002
   350.00000000000000        2.2308525572405639E-002   3.8802649182301280E-002   2.9702587458156224E-002
   350.00000000000000        2.2308525572405639E-002   3.8802649182301280E-002   2.9702587458156224E-002
   350.00000000000000        2.2308525572405639E-002   3.8802649182301280E-002   2.9702587458156224E-002
   350.00000000000000        2.2458268232793066E-002   3.8802649182301280E-002   2.9958585608624709E-002
   350.00000000000000        2.2458268232793066E-002   3.8868833542449618E-002   2.9958585608624709E-002
   350.00000000000000        2.2458268232793066E-002   3.8868833542449618E-002   2.9958585608624709E-002
   350.00000000000000        2.2830373313006067E-002   3.9978889934561314E-002   3.4251239790055822E-002
   350.00000000000000        2.2830373313006067E-002   4.0366520916026660E-002   4.1542416549633997E-002
   350.00000000000000        2.3422330591775814E-002   6.0324838346131643E-002   7.6439881751503361E-002
   350.00000000000000        2.3514111808183340E-002   7.0695931797974593E-002  0.16966701343952847     
   350.00000000000000        2.3514111808183340E-002   7.0695931797974593E-002  0.22132775254028991     
   350.00000000000000        2.3514111808183340E-002   7.0695931797974593E-002  0.23337467222930083     
   350.00000000000000        2.3514111808183340E-002   7.0695931797974593E-002  0.23337467222930083     
   350.00000000000000        2.3514111808183340E-002   7.0695931797974593E-002  0.23337467222930083     
   350.00000000000000        2.3514111808183340E-002   7.0695931797974593E-002  0.23337467222930083     
   350.00000000000000        2.3514111808183340E-002   7.0695931797974593E-002  0.23337467222930083     
   350.00000000000000        2.3514111808183340E-002   7.0695931797974593E-002  0.23337467222930083     
